line_hom_a line_hom_b line_hom_c centroid_x centroid_y centroid_z point1_x point1_y point1_z point2_x point2_y point2_z
-0.2059925433033875 0.9785535611827296 -169.2471055927452 371.3480886180953 251.1278406886816 1.0 361.39446526551137 249.0325315806093 1.0 381.30171197067926 253.2231497967539 1.0
0.21409780368378045 -0.9768122288637573 169.47109567707838 438.7575292076237 269.66095555186985 1.0 458.6250218898213 274.015514618877 1.0 418.89003652542607 265.3063964848628 1.0
-0.0341227305031976 -0.9994176500657802 223.62550710516234 200.13516336034104 216.9226737664026 1.0 221.4030492685966 216.196532558898 1.0 178.8672774520855 217.64881497390718 1.0
0.17121117655016865 -0.985234354366669 190.15085856758313 404.93066212539486 263.3683168895487 1.0 418.593885578833 265.7426723437236 1.0 391.2674386719567 260.99396143537376 1.0
0.46943923363392337 -0.8829647818147646 26.367736600409824 471.59256083137467 280.5907914416971 1.0 484.18757179013306 287.2870860322222 1.0 458.9975498726163 273.89449685117194 1.0
-0.9964960521484021 -0.08363981140969233 366.7231218541069 346.2119341608387 259.73631324629395 1.0 347.84426632974413 240.2884864913835 1.0 344.5796019919333 279.18414000120436 1.0
-0.08810129317012305 -0.9961115209361611 306.35802374837743 389.355595785335 273.11730317202284 1.0 399.95297545380123 272.18001569629 1.0 378.75821611686877 274.0545906477557 1.0
-0.986618567305672 -0.1630454005720597 577.9088767350223 564.7289038851321 127.18454243427627 1.0 573.1052328964076 76.49779077253213 1.0 556.3525748738566 177.8712940960204 1.0
-0.9757146599283819 -0.2190454345583173 514.2961280902357 506.41638034347034 92.1189788864188 1.0 507.91573356908225 85.440268939369 1.0 504.91702711785837 98.79768883346858 1.0
0.0853707302388705 -0.9963492552405918 223.35322380036288 323.8497057021299 251.92020603577066 1.0 335.1240377137039 252.88623070204207 1.0 312.5753736905559 250.95418136949928 1.0
0.2927588151964278 0.9561863187291396 -309.1894553426078 249.5956384774214 246.9373670369859 1.0 242.61004914461805 249.07616866639893 1.0 256.58122781022473 244.7985654075729 1.0
-0.04433760887950898 -0.9990166046862522 360.6602011013412 131.9349718062413 355.15978238950044 1.0 148.83216604300023 354.4098637337782 1.0 115.03777756948236 355.9097010452227 1.0
0.32199782746466565 -0.9467404074549873 137.97730575518642 370.3160491304541 271.6882759255421 1.0 377.99108073118157 274.29864671113086 1.0 362.6410175297266 269.0779051399533 1.0
-0.9867589161220466 -0.162193839135905 515.1166323175901 511.6185396086971 63.334567823876185 1.0 515.2182012589981 41.43485666727182 1.0 508.01887795839616 85.23427898048055 1.0
-0.9999369404376002 -0.011230100101573525 357.8441337456402 354.92160450181643 262.23367719375915 1.0 355.04107443507576 251.5959804272893 1.0 354.80213456855705 272.87137396022905 1.0
-0.9815584691738541 -0.191162160463518 576.8424618426583 579.5708724743241 41.63880267781766 1.0 586.4350734341167 6.3932573781685855 1.0 572.7066715145315 76.88434797746673 1.0
0.9761845892527125 0.21694157671021255 -480.64809818304644 483.29141285135915 40.87030699155898 1.0 481.0707037632751 50.86296041408327 1.0 485.51212193944326 30.87765356903469 1.0
0.044117511244425034 0.9990263486022769 -228.5170979969143 188.25227403411375 220.42649474512945 1.0 170.10745851962486 221.22777901917132 1.0 206.39708954860265 219.62521047108757 1.0
0.9999632149297887 -0.008577224917252775 -458.3932368480025 458.72957759265 37.24588640380364 1.0 458.77786868853633 42.87583314775233 1.0 458.6812864967636 31.61593965985495 1.0
0.9886925609380327 0.14995672691078007 -368.9540758563458 332.6391160653814 267.25214100828214 1.0 330.8222979487502 279.2307603973241 1.0 334.45593418201264 255.2735216192402 1.0
-0.9846835363211698 -0.17435117808043468 514.6418944872445 518.137939235799 25.465822641738633 1.0 520.8271440045767 10.277994886481649 1.0 515.4487344670213 40.653650396995616 1.0
0.9999932025207205 0.0036871279274275056 -83.22543081505977 82.18990396987644 281.0007002049905 1.0 82.15993776228417 289.1278941856178 1.0 82.2198701774687 272.87350622436315 1.0
0.9827273405354504 0.1850593801030382 -516.596726706225 520.6657391173173 26.609132662160725 1.0 519.4648828379484 32.98608203447834 1.0 521.8665953966863 20.232183289843103 1.0
-0.9925441401317502 -0.12188572471837965 525.4952815982157 519.7983303910698 78.53663536406174 1.0 521.8862420279411 61.5342795502234 1.0 517.7104187541986 95.53899117790006 1.0
-0.9845610802709979 -0.17504136429885894 515.4515499189137 504.7909389405262 105.42672492605877 1.0 505.7100825376864 100.25678685702519 1.0 503.87179534336593 110.59666299509234 1.0
-0.4239013073776582 -0.9057083866253597 370.62754701799264 94.31702118408465 365.0694233516715 1.0 115.10795539860155 355.3385824703425 1.0 73.52608696956776 374.8002642330005 1.0
-0.9996607161950514 0.02604712069302428 186.76352585965626 187.52029993037945 26.611443085275223 1.0 186.99826216541254 6.5761903539654 1.0 188.04233769534633 46.646695816585044 1.0
-0.9876182132550633 -0.1568765911373532 577.7258120264344 549.0653689699275 226.0302388460032 1.0 556.512485580058 179.14683867089587 1.0 541.6182523597969 272.9136390211105 1.0
-0.14820812092319502 0.9889561936164896 -246.2686954294009 356.4407662596153 302.4361579893703 1.0 348.9222944390081 301.3094158870014 1.0 363.95923808022246 303.5629000917392 1.0
-0.9941346185117721 -0.10814971232718724 477.6011952363188 469.3051865120724 102.16081429895877 1.0 471.148749332249 85.21440194610756 1.0 467.4616236918958 119.10722665181 1.0
-0.9928936642879722 -0.11900492181755984 525.7247156844886 523.7510736390103 47.86014659985137 1.0 524.6549705999694 40.31866384436272 1.0 522.8471766780513 55.40162935534002 1.0
0.032472735141266515 -0.9994726216722722 140.2680350492058 175.7483076676221 146.05208800155378 1.0 186.38238858934463 146.39758790395643 1.0 165.11422674589954 145.70658809915113 1.0
0.10435702937741442 -0.9945398988575177 197.81994632838828 170.72947260659473 216.82062948354195 1.0 177.65933521503155 217.54777967293188 1.0 163.7996099981579 216.09347929415202 1.0
-0.6790290953473813 0.734111359176329 -13.739050033848073 280.15156264250544 277.8462826184819 1.0 277.50751084860434 275.40062083267503 1.0 282.79561443640654 280.29194440428876 1.0
0.9910580758281542 0.13343121949452685 -538.6734031052599 534.7277407858207 65.40566190723013 1.0 533.8678704436434 71.79233400697075 1.0 535.5876111279982 59.01898980748952 1.0
0.974251971193308 -0.22546196270314356 -55.539408259065645 120.12277184170043 272.7308777750544 1.0 122.41465151380059 282.63440323678105 1.0 117.83089216960028 262.8273523133277 1.0
0.2628366377636403 -0.9648403504461786 147.42516492092986 369.0881669214837 253.34249095187846 1.0 378.18467253900076 255.82051226473152 1.0 359.9916613039667 250.8644696390254 1.0
-0.2358723838510733 -0.9717840390418089 393.4715232806317 44.206595455381745 394.1661859422153 1.0 61.00230546022326 390.08951458504885 1.0 27.410885450540224 398.2428572993818 1.0
0.9829188721621942 0.18403937281842767 -517.8910964188552 519.1532039102653 41.32601972889459 1.0 518.2275559897276 46.26972713313516 1.0 520.0788518308032 36.38231232465402 1.0
-0.9944397154603476 -0.10530741813919378 511.87578255270336 500.67476231940765 132.80084746859913 1.0 501.4740384767781 125.25311751229994 1.0 499.8754861620372 140.3485774248983 1.0
-0.36695117691777784 0.9302402021836391 -158.08625127097338 300.72338892118194 288.56746046040223 1.0 282.6921774923796 281.45470158423177 1.0 318.7546003499843 295.68021933657275 1.0
0.2577265649538344 -0.9662178934987163 175.21662911912452 357.44202617340056 276.6859695869301 1.0 363.7437950691731 278.36688779551275 1.0 351.14025727762805 275.00505137834745 1.0
-0.9985780177814138 -0.053309871541231395 451.55436896769345 450.3101171432751 35.35151650830719 1.0 451.84947760652676 6.516865896627836 1.0 448.77075668002345 64.18616711998655 1.0
0.9885209450552552 0.1510838879135194 -486.48394039426995 478.5197466482481 89.0707036718893 1.0 477.74446578344975 94.14325895053261 1.0 479.29502751304636 83.99814839324601 1.0
0.12683316700637326 -0.9919240634983776 69.9414198697682 147.05571645052228 89.31425839305095 1.0 167.7420819678173 91.95933713340985 1.0 126.36935093322727 86.66917965269207 1.0
-0.06795033132679353 0.9976887051944504 -69.83440393091286 182.65487220598408 82.43639783386416 1.0 176.43373000303046 82.01268984587065 1.0 188.87601440893772 82.86010582185769 1.0
0.10632263281248788 0.9943316839726173 -318.4639323422857 118.77649259754935 307.5787565283937 1.0 90.02112215428188 310.65353202062346 1.0 147.53186304081683 304.50398103616385 1.0
-0.9914114355352494 -0.1307798359455167 380.6070954966385 377.24405362847324 50.48963927778705 1.0 377.9137159598047 45.413085324119464 1.0 376.57439129714174 55.566193231454626 1.0
0.9997732051346251 -0.021296438548229518 -451.3536418185199 453.02149313474945 73.49155419285532 1.0 453.14182535613537 79.14061755072849 1.0 452.90116091336347 67.84249083498213 1.0
0.999223310527068 -0.03940527501904507 -122.34292250433111 129.2037506713147 171.56274053934266 1.0 130.1408400381619 195.3250804531796 1.0 128.2666613044675 147.8004006255057 1.0
-0.9932673183367079 -0.11584487180797054 454.0802189030622 448.23010935619425 76.5497863363843 1.0 449.3975336507371 66.54015552317165 1.0 447.06268506165134 86.55941714959697 1.0
-0.993310290311408 -0.11547582933872516 553.7297340435316 542.0032933955081 132.94804132618174 1.0 543.1836633590557 122.79462967388542 1.0 540.8229234319604 143.10145297847808 1.0
0.06558360220921174 0.9978470780241149 -274.88920870189844 59.45560759940167 271.5745746538562 1.0 46.346159462290856 272.4361944859341 1.0 72.56505573651248 270.7129548217783 1.0
-0.9886873701603761 -0.14999094667798993 608.0626751454062 581.9677175822753 217.87010252629727 1.0 584.2624339143259 202.7441425543935 1.0 579.6730012502246 232.996062498201 1.0
0.999243202619541 -0.03889758371213888 -122.51055273662284 127.19157359181169 117.86754260643954 1.0 128.11752897851028 141.6544861074768 1.0 126.2656182051131 94.0805991054023 1.0
-0.22703185516575558 0.9738873326725198 -214.2378018365566 333.6119308276762 297.753474831674 1.0 318.55594484710474 294.24363512656294 1.0 348.66791680824764 301.2633145367851 1.0
0.31139804065770077 0.9502795695344318 -91.68595727465524 244.60732745179848 16.327526417567977 1.0 215.30657921845187 25.929117235877285 1.0 273.9080756851451 6.725935599258668 1.0
0.9995185132757847 0.03102807791283457 -359.13849814536405 351.5976979073754 248.48751132619492 1.0 350.9198872204601 270.3220681418393 1.0 352.2755085942907 226.65295451055053 1.0
-0.9600026610825368 -0.2799908761271481 609.2486497388501 595.532356009541 134.0615227472352 1.0 597.4572899565292 127.4615158574477 1.0 593.6074220625527 140.66152963702268 1.0
-0.06598246780861795 0.9978207824764349 -279.8365231234275 398.9030528054828 306.8257710609019 1.0 363.9319842969071 304.5132541814947 1.0 433.87412131405847 309.1382879403091 1.0
0.13605430163443918 -0.9907013813489739 67.46602471836464 181.5255976686787 93.02839874156422 1.0 189.05525335193906 94.06245609206358 1.0 173.9959419854183 91.99434139106486 1.0
-0.9974788033878323 -0.0709650392233948 411.3633286673976 409.44513308091325 41.57663127034297 1.0 410.51321996300703 26.56368916921399 1.0 408.3770461988194 56.58957337147195 1.0
0.9603979228589568 0.27863206880795555 -514.3622928446412 512.568357628888 79.28989275766904 1.0 510.750305072291 85.55641443435226 1.0 514.3864101854849 73.02337108098583 1.0
-0.9986319308000225 -0.052290216930309684 316.8331985903088 307.95760666276067 177.794237429018 1.0 309.53271165532084 147.7130820566945 1.0 306.38250167020044 207.87539280134152 1.0
0.5453730068197936 -0.8381934642028279 155.92719587302406 108.61073414209953 256.69558128759286 1.0 117.19724719245454 262.2824208900982 1.0 100.02422109174452 251.1087416850875 1.0
-0.1278728651662616 0.9917905677884677 -76.61975921555177 158.65458986938378 97.7095158406434 1.0 127.3607222265435 93.67475623756839 1.0 189.94845751222405 101.74427544371844 1.0
-0.9985240634506107 -0.05431109196177948 325.20828694390286 317.7135864902069 146.62981834058115 1.0 318.3236844778632 135.41300240606958 1.0 317.1034885025506 157.84663427509275 1.0
-0.9881407992998624 -0.15355051533299796 455.29109154247993 444.36878255427365 105.45173052840738 1.0 446.8933318016746 89.20554531835647 1.0 441.8442333068727 121.69791573845828 1.0
0.99709389216259 0.07618247969223071 -455.9179457361676 446.1408141896244 145.3571071456927 1.0 445.4688999814387 154.15127551282586 1.0 446.81272839781 136.56293877855956 1.0
0.12986173797573267 -0.9915321119408701 333.86841794712797 153.92356233100253 356.8792124888339 1.0 158.91971827812426 357.53356294977965 1.0 148.9274063838808 356.22486202788815 1.0
-0.9814112700958827 -0.1919164373595614 608.9510666696414 601.935171569504 94.8595423857511 1.0 603.7930228156508 85.35896923935516 1.0 600.0773203233571 104.36011553214703 1.0
-0.05948698448244331 0.9982290812620045 -138.37821632822062 158.86214571948898 148.09070292621843 1.0 130.0654292878525 146.3746340842364 1.0 187.65886215112548 149.80677176820046 1.0
-0.020552914027948597 -0.9997887665526952 199.26546397654892 153.85227978381812 196.14478363596646 1.0 175.1061461683267 195.7078624550369 1.0 132.59841339930958 196.581704816896 1.0
0.9989567289413396 -0.04566676803561848 -102.54876024118298 103.55677149683278 19.70740456861114 1.0 104.15812933244997 32.86205689528437 1.0 102.95541366121559 6.552752241937908 1.0
0.07164677615063507 -0.9974300674569726 133.3063542876414 142.64145244524096 143.89595740453092 1.0 155.16661499954247 144.79565708980942 1.0 130.11628989093944 142.9962577192524 1.0
-0.9937694864071276 0.11145495900189373 53.62552678296162 82.67249470140445 255.9946732918748 1.0 79.2338699650333 225.33475139326887 1.0 86.11111943777557 286.6545951904807 1.0
-0.19927882857414192 -0.9799428291906207 344.9445344331448 336.6286208510518 283.54876318133427 1.0 344.43096043246896 281.9620980763845 1.0 328.82628126963465 285.13542828628397 1.0
-0.9926107583068523 0.1213420063024174 331.87511327868907 363.4037982966614 237.7033922470764 1.0 362.6234073864216 231.31958142349143 1.0 364.1841892069012 244.08720307066142 1.0
0.9944995875401047 0.10474049065457754 -428.36631028971084 421.160741497955 90.91160946832804 1.0 420.56796028347054 96.54000274414783 1.0 421.7535227124394 85.28321619250823 1.0
0.994310431505753 0.10652119882372336 -540.0744510366831 526.8487343647178 152.30075150662685 1.0 526.2387782496552 157.99431987296703 1.0 527.4586904797802 146.60718314028668 1.0
-0.9847319826687049 -0.17407734576722372 609.7432645028788 598.803828116107 115.36241849268694 1.0 600.8080551325248 104.0247775440796 1.0 596.7996010996891 126.70005944129427 1.0
-0.12587431128103777 0.9920461973917971 -66.99200263439467 153.20641740570218 86.96848507257437 1.0 138.74699699576985 85.133822946548 1.0 167.66583781563452 88.80314719860074 1.0
0.17985116738295237 -0.9836938332585954 14.195785954842039 145.3523998294369 41.00623932190078 1.0 185.49600481768059 48.34579353683277 1.0 105.20879484119321 33.66668510696878 1.0
-0.99969879573372 -0.02454216389298303 312.7219892359973 310.2296147310096 105.3622247714876 1.0 310.7827764398922 82.82977422526402 1.0 309.67645302212696 127.89467531771119 1.0
-0.9894621937012397 -0.14479146119827202 476.0418165681195 476.02079070778933 34.78962575074553 1.0 477.40321499160467 25.34254542453279 1.0 474.638366423974 44.23670607695827 1.0
-0.998994503855904 -0.04483281460823321 323.4733631012849 316.1240607156037 171.01678707405313 1.0 316.71315598083623 157.89017574354912 1.0 315.5349654503712 184.1433984045571 1.0
-0.9887549853642585 -0.14954457167455076 556.4013175292433 555.2953913510726 49.150770895712654 1.0 556.4323178805495 41.63366906162088 1.0 554.1584648215955 56.66787272980444 1.0
-0.9830548553384436 -0.18331162373268 611.4906991577061 587.3357496648764 186.06260771298975 1.0 588.412410846089 180.28874034880752 1.0 586.259088483664 191.83647507717197 1.0
0.9691499430243152 0.2464718806192026 -485.9411511875589 475.9098774660941 100.2675051389187 1.0 474.4143728202962 106.14796597942687 1.0 477.405382111892 94.38704429841052 1.0
0.006790970089090289 0.999976941096768 -200.9651822971095 161.37584137073588 199.8738926580084 1.0 132.62292298394948 200.0691573693372 1.0 190.12875975752226 199.6786279466796 1.0
-0.2999605748211865 -0.9539515991668253 93.66149652896881 258.74107889281044 16.824096514377505 1.0 290.21963918549017 6.925976894700304 1.0 227.26251860013068 26.722216134054705 1.0
0.9879222322724667 0.15495051784936514 -581.8613084175988 565.9869781658874 146.56414077225054 1.0 562.6139997944111 168.06933074131518 1.0 569.3599565373636 125.05895080318591 1.0
-0.9957339569838113 -0.0922707261777073 372.46953855612645 368.5888942570543 59.09848771277703 1.0 369.2886148303712 51.54749549548387 1.0 367.88917368373734 66.64947993007019 1.0
-0.9112622195627861 0.41182662274008536 115.05437310562134 257.97982969546996 291.4646418593943 1.0 255.42231547201573 285.80554660148726 1.0 260.5373439189242 297.1237371173014 1.0
-0.9999432806729577 -0.01065060735371329 319.92797654969104 318.6841894804535 118.47799661527196 1.0 318.87714989236446 100.36170888460417 1.0 318.49122906854257 136.59428434593974 1.0
0.10195542006187801 0.994788968736589 -369.98039109592196 130.06992915330022 358.58766838229224 1.0 112.62505987872453 360.3755842425503 1.0 147.51479842787592 356.79975252203417 1.0
0.06132606125086064 0.9981177857404684 -334.1148224211869 446.8105800661619 307.29207895336424 1.0 433.73494169213654 308.0954685044528 1.0 459.88621844018724 306.4886894022756 1.0
0.9731931256194712 -0.2299894350769264 -465.86814949088733 484.12735311730677 22.963065609772187 1.0 485.97133145944343 30.765802486613318 1.0 482.2833747751701 15.16032873293106 1.0
-0.9882134415492246 -0.1530823110010993 515.2285566744774 494.3880664121996 174.20447816612716 1.0 497.8796995808608 151.66445503957937 1.0 490.8964332435383 196.74450129267495 1.0
0.4333051423413417 -0.9012472766230972 253.38828484812177 170.09717458045296 362.9328751118718 1.0 178.66876434768997 367.0539571062615 1.0 161.52558481321594 358.81179311748207 1.0
-0.9985214034914416 -0.054359973965056145 333.80504586614785 328.4618239105139 107.22750649972156 1.0 328.97438889551336 97.81236019131377 1.0 327.9492589255144 116.64265280812936 1.0
0.5159810678288399 0.8565999869496904 -503.5807090767493 476.3459150852241 300.95171501597474 1.0 472.21308501916434 303.4411641207246 1.0 480.4787451512839 298.46226591122485 1.0
0.9994239018396994 0.033939128325733606 -291.4222903270846 289.2614966137408 68.57679746666122 1.0 287.9251933912526 107.92764253970569 1.0 290.597799836229 29.22595239361674 1.0
-0.9871279165887429 -0.15993272426607436 476.36346095907373 473.6103953072213 55.33212921430089 1.0 474.4637117824449 50.065336453508905 1.0 472.7570788319977 60.59892197509288 1.0
0.9879943221286895 0.15449019205590786 -588.1824334591818 582.6630733219542 81.0059534297811 1.0 581.9654592801332 85.46732863544443 1.0 583.3606873637752 76.54457822411779 1.0
-0.680308704605715 -0.7329256895741164 326.8601605804483 68.14495841539573 382.71349494987874 1.0 75.60179203299757 375.7919899582897 1.0 60.688124797793904 389.6349999414677 1.0
0.43133871539231267 0.9021900645671673 -308.4623532948337 76.86685791826201 305.1537723109461 1.0 70.32037907640093 308.2836557854954 1.0 83.41333676012312 302.02388883639685 1.0
-0.9927307629728817 0.12035627215596327 97.7517064980707 129.51330078471435 256.07416093061534 1.0 126.3972694579593 230.3723001048795 1.0 132.6293321114694 281.7760217563511 1.0
0.8343318492316486 0.5512625194566538 -127.09917808053399 101.31973155275527 77.21348284737942 1.0 95.48838087655709 86.03919005850285 1.0 107.15108222895346 68.38777563625601 1.0
0.9954940724570429 0.09482379291555311 -533.3902207916617 529.1580524781901 69.77696159657675 1.0 528.7338282470445 74.23061921259577 1.0 529.5822767093358 65.32330398055774 1.0
0.9970760485627296 0.07641566189292168 -591.518567238353 591.8290374993785 18.58269716722326 1.0 591.2942671566028 25.56041203685928 1.0 592.3638078421542 11.604982297587235 1.0
0.991493392792466 0.13015702842676144 -588.1332319325528 588.5199438605172 35.49248261192707 1.0 587.369581750488 44.255562448637626 1.0 589.6703059705463 26.729402775216514 1.0
-0.17452324876536413 -0.9846530534357687 389.99477851662124 180.23623996845538 364.12761136627125 1.0 185.40615724001796 363.2112776841352 1.0 175.06632269689283 365.04394504840724 1.0
-0.9979709656164264 -0.0636706509046164 429.5939828734944 421.8708777002261 134.7417619839092 1.0 426.45565624613084 62.88014587685174 1.0 417.2860991543214 206.60337809096666 1.0
-0.9992198547276407 0.03949280843485776 114.86075946753775 119.85672871933248 124.13560305822172 1.0 118.37495418041995 86.64476363226561 1.0 121.33850325824501 161.62644248417783 1.0
-0.04648593571143054 0.9989189445500735 -283.3845467291559 467.6794345173484 305.4552769475415 1.0 458.8322535571711 305.0435623759178 1.0 476.5266154775257 305.86699151916514 1.0
-0.9610256707056964 0.27645914751490214 191.5021750449206 274.0299546593302 259.88521837983734 1.0 271.3003213054728 250.39648288943349 1.0 276.75958801318757 269.37395387024117 1.0
0.03387265426162561 0.9994261569987412 -233.41746944426487 107.67252496507163 229.90224302578082 1.0 90.17144544701685 230.49539141555329 1.0 125.17360448312643 229.30909463600835 1.0
-0.9916608265623342 0.12887515300362593 371.88001466861596 380.27296855402005 40.51821879760827 1.0 379.63396635026544 35.60126282291681 1.0 380.91197075777467 45.435174772299725 1.0
-0.9882482119840891 -0.15285768384432322 577.2625195371393 534.9634795729205 317.8500167639288 1.0 537.8835000800935 298.9716393569441 1.0 532.0434590657474 336.7283941709135 1.0
0.982185258157558 0.18791519006714488 -570.2959556287973 568.3890690799105 64.03202996155795 1.0 564.9284279023888 82.11992773672098 1.0 571.8497102574322 45.94413218639492 1.0
-0.9908420012853035 -0.1350263992296856 607.3875884935275 590.7211268246281 163.4960653253498 1.0 592.9902252463432 146.84511385132615 1.0 588.4520284029128 180.14701679937346 1.0
-0.9989803567717324 -0.04514694656587848 293.92302616243995 285.8746388245158 184.72738716372137 1.0 286.46913611333247 171.57276301177987 1.0 285.2801415356991 197.88201131566288 1.0
0.18192797360415677 -0.9833118591882665 192.4787658014812 378.1869369993267 265.71585245501035 1.0 386.49024731014913 267.25209388740944 1.0 369.88362668850425 264.1796110226112 1.0
-0.9882260460470229 -0.15300092128568138 609.9270844532665 568.1599844352996 316.70782832839893 1.0 569.7305025949223 306.5639224088323 1.0 566.589466275677 326.8517342479655 1.0
0.9986972664853148 0.05102714880100642 -321.3921476462987 314.31860877741417 146.6476656183552 1.0 313.487243112129 162.91905519977047 1.0 315.1499744426993 130.37627603693994 1.0
0.9969159018505028 0.0784772873995953 -457.23449554631634 451.29691770686156 93.39545327182014 1.0 450.44257304720384 104.24839945658096 1.0 452.15126236651923 82.54250708705933 1.0
-0.03947402281588528 -0.9992205970268682 223.17490463496162 85.08500991353979 219.98771609231952 1.0 162.63681377937394 216.92404658398303 1.0 7.533206047705637 223.051385600656 1.0
-0.9999896186341886 -0.00455660222644497 312.03365328037984 311.8757167297706 35.37158577873835 1.0 311.93839531323744 21.61617557116293 1.0 311.8130381463038 49.12699598631377 1.0
-0.9996787850415619 0.025344165755192966 305.7415244379074 309.335721689853 137.8950100278396 1.0 309.11322856416785 129.11896035575802 1.0 309.5582148155382 146.67105969992116 1.0
-0.4654212900578997 0.8850892738932274 -72.84983556075233 370.2539731931703 277.0047323417874 1.0 366.02897625884276 274.7830315691458 1.0 374.4789701274978 279.226433114429 1.0
0.999999020153041 -0.0013998903378155503 -523.2437936503632 523.5125600839986 191.62463244431515 1.0 523.5195607536374 196.6254975764542 1.0 523.5055594143598 186.6237673121761 1.0
-0.9963029843367427 -0.08590904144326406 357.81493751618524 348.65685616398326 121.60618993103142 1.0 349.4150066689854 112.81377881783202 1.0 347.8987056589811 130.39860104423084 1.0
-0.9943962343896721 -0.10571721256087052 600.2150677790767 575.0602512287535 268.4266707626782 1.0 576.4609694454971 255.25124845981716 1.0 573.65953301201 281.60209306553924 1.0
-0.9669032003458465 -0.2551434913160823 520.3826831584257 522.5634195258826 59.238981003264755 1.0 523.3750404587987 56.163225970454675 1.0 521.7517985929667 62.31473603607484 1.0
-0.9914577216692118 -0.1304284713645596 610.655025637894 610.1012080466335 44.2040902574872 1.0 610.9413192397751 37.81794833014048 1.0 609.261096853492 50.59023218483392 1.0
0.9995854636787257 -0.028790637405014856 -124.48263588261091 130.55724021516465 209.1125503678686 1.0 130.77411661096812 216.64230699015232 1.0 130.3403638193612 201.5827937455849 1.0
0.9950728802118572 0.09914617020782435 -335.5273430864859 322.88203283331455 143.58788318841738 1.0 322.0620081232149 151.8179978606565 1.0 323.7020575434142 135.35776851617825 1.0
0.14054118907472013 -0.990074832612901 263.2739588413524 127.55131242032898 284.0191091564597 1.0 131.48814237519517 284.57794243331585 1.0 123.6144824654628 283.46027587960356 1.0
-0.9904731558331435 -0.1377059460369574 528.6247224315982 513.9311188759157 142.2578022335618 1.0 514.9162352401195 135.17218725326202 1.0 512.9460025117119 149.34341721386153 1.0
-0.48550867481999627 -0.8742318494967631 408.1481380340989 188.43895572726888 362.2144292006387 1.0 191.88845273996333 360.29873518377934 1.0 184.98945871457443 364.130123217498 1.0
0.8670756099743355 -0.4981765616602553 -105.67527013091672 268.9387433097968 255.96337640854136 1.0 272.83912051377627 262.7519774860382 1.0 265.0383661058174 249.17477533104454 1.0
-0.9831103456396705 -0.1830137926393738 608.7048001295237 606.992423790329 65.37358962844621 1.0 608.6714167794668 56.3544039481055 1.0 605.3134308011911 74.39277530878692 1.0
0.03480056213697744 0.9993942769872911 -434.13767940326784 21.402179925877803 433.65554665508836 1.0 8.873844061646379 434.0918040369401 1.0 33.930515790109226 433.2192892732366 1.0
0.988048369147898 -0.15414415403828677 -52.53374648129105 90.76689375411496 240.99736442716986 1.0 92.42965201715442 251.65547598730896 1.0 89.10413549107551 230.33925286703075 1.0
-0.9989117971228982 -0.04663927067077342 296.2821192910387 292.35803285233 90.95835398345535 1.0 292.68240745183675 84.01095516108597 1.0 292.0336582528233 97.90575280582473 1.0
-0.9996157759844492 -0.027718232321119318 629.5881139660532 623.2687476546927 236.6255198515877 1.0 623.512629563166 227.83029076328168 1.0 623.0248657462193 245.42074893989374 1.0
-0.5565470812612842 -0.8308160725091599 271.44676949766097 74.73535383449679 276.6593402073458 1.0 81.36139105021863 272.2206903126689 1.0 68.10931661877495 281.09799010202266 1.0
-0.2913183383957562 -0.9566261682153252 115.37338698054207 110.29800943567545 87.01576112921575 1.0 120.54383435724725 83.89563250340726 1.0 100.05218451410366 90.13588975502424 1.0
-0.990206106328693 -0.13961327655122574 607.0206820523703 578.770280553902 242.94835651880138 1.0 580.0164795954558 234.1096992568979 1.0 577.5240815123481 251.78701378070485 1.0
-0.8995652443782921 -0.43678641360122855 221.49057039739526 44.891584142122326 414.63666427913125 1.0 51.24102109575025 401.5599461693288 1.0 38.54214718849441 427.7133823889337 1.0
-0.980092280673624 -0.1985424925903129 522.4174893439929 526.9298292876178 30.107566015415497 1.0 528.94963978391 20.136901045854998 1.0 524.9100187913258 40.078230984975995 1.0
0.9999721358056702 -0.007465092916107177 -585.4910114277225 585.8787176654134 49.74903908389258 1.0 585.9207424727747 55.37839116914077 1.0 585.8366928580522 44.119686998644404 1.0
-0.9914747053809363 -0.13029930387298885 648.9865945909685 626.8295642743153 211.0597386985138 1.0 629.073286760157 193.9867841662709 1.0 624.5858417884737 228.1326932307567 1.0
-0.9959040573863324 -0.09041630650187561 557.7629401500717 557.4195406906645 29.04960411934934 1.0 558.4478861421821 17.722737902579734 1.0 556.3911952391469 40.37647033611894 1.0
-0.9988290048989746 -0.04837994390782259 296.22658141603995 293.7723033478504 57.83975280249148 1.0 294.9847742891869 32.80766210574737 1.0 292.559832406514 82.8718434992356 1.0
0.9980251580302146 0.06281547531273758 -323.10038765756207 313.0148146762895 170.39953484661984 1.0 312.6180610421427 176.70323797784724 1.0 313.41156831043634 164.09583171539245 1.0
-0.9999768187820636 0.006808957225906998 314.3736356369375 315.6984895238171 193.5003507407596 1.0 315.6431390526194 185.3714719315687 1.0 315.7538399950148 201.6292295499505 1.0
0.9962586857793022 0.08642124165561012 -298.0053061114585 282.7179287337242 189.13306117594612 1.0 281.7399914278162 200.40666146788558 1.0 283.6958660396322 177.8594608840067 1.0
-0.963116158347341 -0.2690859816680527 151.41274582890952 32.37107549578865 446.82981703654025 1.0 36.04409161372364 433.68330843314016 1.0 28.698059377853667 459.9763256399403 1.0
0.11174267921117378 0.9937371753349618 -304.5648661467756 133.23620540925313 291.50232352812327 1.0 125.07385405540154 292.4201547530997 1.0 141.39855676310472 290.5844923031468 1.0
-0.9780169059276519 0.20852561406144415 191.9486889866619 229.80538536732178 157.3181458951663 1.0 228.85878730823634 152.87845675160122 1.0 230.75198342640718 161.75783503873143 1.0
0.43861425997470066 0.8986754313693269 -373.78562103830143 98.30219937376856 367.9513905284409 1.0 83.72436228901898 375.0663588493357 1.0 112.88003645851813 360.8364222075462 1.0
-0.5920610135561265 0.8058931419406001 -42.2940078942834 264.8225823495162 247.03664053188163 1.0 259.18957401620537 242.8982697608397 1.0 270.4555906828271 251.1750113029236 1.0
-0.9998018801346367 0.019904785335331594 187.99721068487074 190.53036035983607 125.36692979018513 1.0 190.08209616869334 102.85096824871573 1.0 190.9786245509788 147.88289133165452 1.0
-0.9704138800292833 -0.24144751281906318 615.8239021193468 585.6450092415315 196.75438287528092 1.0 586.9622715838386 191.46010733816806 1.0 584.3277468992244 202.0486584123938 1.0
0.9986054894796079 0.05279276826604824 -292.655836213635 286.006125363034 133.51354044923661 1.0 284.71587035755886 157.91945386531123 1.0 287.29638036850923 109.107627033162 1.0
-0.9969017944014561 0.07865629230492131 524.172620304465 537.9111446679714 153.47742297308335 1.0 537.4623402835364 147.78920804370392 1.0 538.3599490524064 159.16563790246278 1.0
-0.9958250662142175 -0.09128218610139334 613.1564024056058 614.3812145790585 14.681820997967037 1.0 615.1406170210831 6.397269330103571 1.0 613.6218121370337 22.966372665830505 1.0
-0.996353542560274 0.08532067878065974 161.5376841261821 176.02993746272188 162.33306930281753 1.0 175.00679964693364 150.38512184322627 1.0 177.0530752785101 174.2810167624088 1.0
-0.3194786158558008 -0.947593485631292 97.46503525967819 220.91803373875757 28.3733985415939 1.0 229.34900218453382 25.530920020769027 1.0 212.48706529298136 31.215877062418777 1.0
0.9890255250067856 0.14774474909468657 -535.4230755429926 537.5107206637889 25.796198274840094 1.0 535.9308746647537 36.37192450673689 1.0 539.0905666628241 15.220472042943303 1.0
-0.9973207216927836 -0.07315311396096136 429.5003691702145 427.09289183208034 48.55265710604577 1.0 427.7835540210233 39.13662988005423 1.0 426.40222964313745 57.968684332037306 1.0
-0.9708629216630861 -0.23963553021164535 601.4981139985592 612.0495884844547 30.387239794619347 1.0 613.6113435294391 24.059922369876528 1.0 610.4878334394703 36.71455721936216 1.0
-0.9990441301579233 0.043712995744956115 114.38997670227002 123.4020414146469 203.4660006930357 1.0 122.8264682271363 190.31149126948304 1.0 123.97761460215749 216.62051011658838 1.0
-0.014624600098387468 -0.999893054817345 178.9322652080057 230.74380591277782 175.57650638289596 1.0 236.37674224135003 175.49411813068423 1.0 225.11086958420563 175.65889463510769 1.0
-0.2054438086711258 0.9786689131052962 -168.03801969273687 327.6046595178134 240.47189558289625 1.0 317.5240774306854 238.35576299722916 1.0 337.6852416049413 242.5880281685633 1.0
-0.07800830647293751 0.9969527090696049 -243.0118094112567 155.70594051333222 255.93808394041196 1.0 145.04838354145906 255.10416477558962 1.0 166.3634974852054 256.77200310523426 1.0
0.9997255500868556 0.023427003725056978 -308.9353295638445 306.88673011520063 91.04128338819365 1.0 306.6378865144752 101.66045212784361 1.0 307.135573715926 80.4221146485437 1.0
0.9796006856709524 0.20095396645251876 -669.5665425946986 617.9048115078247 319.80740015618494 1.0 615.9583429850685 329.2959508585635 1.0 619.8512800305807 310.31884945380637 1.0
0.8806844765436406 0.4737033383617364 -183.7315567321809 163.988426523896 82.98336105402383 1.0 162.12374196513937 86.45008508055699 1.0 165.85311108265265 79.51663702749067 1.0
0.9992805995020857 -0.037924707760931736 -182.362497402201 183.40914654564853 24.118960068635488 1.0 184.0750482595112 41.66484777943349 1.0 182.7432448317859 6.573072357837486 1.0
0.2753267500651034 0.961350706401461 -434.37538213072486 184.71331174351891 398.93751963860507 1.0 173.32354508941114 402.19950032473133 1.0 196.1030783976267 395.67553895247886 1.0
-0.9975864626104632 -0.06943521884708716 335.7083449442581 326.5750223874976 142.88892220000045 1.0 327.1871407500827 134.09452359120564 1.0 325.96290402491246 151.68332080879526 1.0
0.999518799336285 0.031018861574069564 -309.50711799325614 305.4546072765836 135.38522896467072 1.0 304.4445739556382 167.93146828523004 1.0 306.46464059752896 102.83898964411142 1.0
0.996721016485783 0.08091486449069404 -481.7983277880583 469.7029880970245 168.51647878803826 1.0 469.13624643970553 175.4976845816013 1.0 470.2697297543435 161.5352729944752 1.0
0.5805754515148508 -0.814206451152487 168.5722533636568 183.56749274431064 337.93276012204393 1.0 189.0691421030043 341.8557486416986 1.0 178.06584338561694 334.00977160238926 1.0
0.23733747778887204 0.9714272600852915 -328.9859524336092 48.89722769464631 326.7159784190404 1.0 37.41634446711713 329.52096854024734 1.0 60.378110922175495 323.9109882978335 1.0
0.9961376112374853 0.08780580549187317 -572.8564358848048 557.4217376113538 200.30199176763 1.0 556.7609189591641 207.7988344873791 1.0 558.0825562635436 192.80514904788092 1.0
-0.9954931210816634 -0.09483378026362042 300.83313148493176 290.84037694345443 119.19314903932988 1.0 291.55966657004285 111.6425919135498 1.0 290.12108731686607 126.74370616510997 1.0
0.9952832399182219 0.0970117123747817 -479.1496509626166 459.01902087489646 229.82495758888876 1.0 458.4582577501245 235.5780581783676 1.0 459.57978399966845 224.0718569994099 1.0
-0.9986893093489402 -0.05118264737327137 314.4655528939675 311.4954563805487 66.00617336782497 1.0 312.29741162784927 50.358211154882284 1.0 310.6935011332482 81.65413558076767 1.0
0.3095339917096527 0.9508883782948915 -188.65284023805035 86.14970231752318 170.3528854623076 1.0 79.19757426167635 172.61594808576893 1.0 93.10183037336999 168.08982283884626 1.0
0.3624963455357429 0.9319851927328198 -348.22190626074433 342.6234250144259 240.37095068129133 1.0 338.5215854502536 241.96636428182975 1.0 346.72526457859817 238.77553708075288 1.0
-0.9977561864005556 -0.06695216575600405 296.7722709954612 296.15170739311446 19.193894870814784 1.0 296.74182758752846 10.399615133214743 1.0 295.56158719870047 27.988174608414823 1.0
-0.9993177684159024 0.036932339869831514 76.21797123440604 88.61709253703219 334.08833468700544 1.0 87.50817323603894 304.0831206895269 1.0 89.72601183802546 364.093548684484 1.0
-0.9833233965518181 0.18186560365774543 299.2978080267475 307.0983745628647 14.731805630454126 1.0 305.58334304177583 6.540229481707444 1.0 308.61340608395363 22.92338177920081 1.0
0.9904448956727679 0.1379090592954641 -454.41766177035043 453.42532115717904 38.61143632361883 1.0 452.8039604795571 43.07396775314516 1.0 454.04668183480095 34.148904894092496 1.0
-0.9999996587705398 -0.0008261106487290153 350.4186536121744 350.403489516572 18.500746382565342 1.0 350.40813681392217 12.875233902416841 1.0 350.39884221922176 24.126258862713843 1.0
-0.9995366961977292 0.030436704061515645 115.5070123088307 120.90303933705741 175.44646685800905 1.0 120.48414955542513 161.6901906344903 1.0 121.32192911868967 189.20274308152779 1.0
0.10613170023341982 -0.9943520816117214 259.7505512158884 366.37966487297535 300.3312946212746 1.0 373.92710068583216 301.13686662140833 1.0 358.8322290601185 299.52572262114086 1.0
0.006980193004888228 -0.9999756381560575 275.7130201501361 155.11939807082115 276.8025269074361 1.0 165.12327335422387 276.8723575889153 1.0 145.11552278741843 276.732696225957 1.0
-0.9877444829881413 -0.15607958331085256 577.8222023736657 539.8880282236612 285.43631472714344 1.0 541.4753722649972 275.3908604391789 1.0 538.3006841823252 295.48176901510806 1.0
0.9968343897354457 -0.07950597110130567 -312.5085460336955 331.42635405694296 224.74590407974557 1.0 331.9791287737527 231.67651369131917 1.0 330.87357934013323 217.81529446817194 1.0
0.9926630142114368 0.12091377182382844 -617.146824500717 614.4880535564175 59.27580417330273 1.0 613.7287495362926 65.50944494019753 1.0 615.2473575765424 53.042163406407944 1.0
-0.5326660611895664 0.8463255090429409 4.73301873505453 137.0493538654002 80.66461432103591 1.0 130.6003971152308 76.6057263941209 1.0 143.4983106155696 84.72350224795093 1.0
0.9701240186822375 0.24260953892175344 -618.25707468151 604.3871016500011 131.59676627306325 1.0 602.5115302402759 139.09662337437473 1.0 606.2626730597265 124.09690917175179 1.0
-0.999999542354062 -0.0009567087679872151 319.5684419595766 319.51800276516514 52.874419280157525 1.0 319.52756984846667 42.87442843307419 1.0 319.5084356818636 62.87441012724085 1.0
-0.18367910725632358 0.9829862590888644 -8.83206642811502 145.9360562529355 36.2542920896935 1.0 109.06383652071355 29.364413070172784 1.0 182.80827598515742 43.14417110921422 1.0
-0.9989460444111649 0.045899894937648185 107.76926436255728 108.70070387504592 17.796855509993364 1.0 108.18355754184678 6.54189981493606 1.0 109.21785020824505 29.051811205050665 1.0
-0.9730784342634485 -0.23047420847330286 378.8604408660286 336.23101659610563 224.2389290681474 1.0 337.7322977845477 217.9004135443699 1.0 334.7297354076636 230.5774445919249 1.0
-0.018503440235328954 0.9998287966944429 -272.04725402945024 406.99073086207795 279.62585556508157 1.0 375.10351879805125 279.0357314111778 1.0 438.8779429261046 280.2159797189854 1.0
-0.9963187518466091 -0.08572598625163229 300.3873906449881 288.8858085962421 146.5721532943279 1.0 290.4034561818917 128.93385230308516 1.0 287.36816101059253 164.21045428557065 1.0
-0.11561091904406619 0.9932945763457015 -322.1234109900265 28.354957242970094 327.5982386347897 1.0 20.12323812001405 326.64013754798145 1.0 36.58667636592614 328.55633972159796 1.0
-0.9011808964514836 -0.4334431818253695 335.0503184853865 230.89252604127688 292.9435510989717 1.0 233.43268271666432 287.6622575734569 1.0 228.35236936588947 298.2248446244865 1.0
-0.16460458505503175 -0.9863596355178271 381.94933830580254 43.19134210957269 380.02350447268657 1.0 56.36662286971885 377.824801743566 1.0 30.01606134942653 382.2222072018071 1.0
-0.9783593313153057 -0.20691307070426398 340.73245642226607 329.9832234361878 86.46283453759352 1.0 331.0756745139639 81.29733338143244 1.0 328.8907723584117 91.6283356937546 1.0
0.9991396154638088 0.04147323005063089 -530.3988562601862 523.524682618599 176.61045869553692 1.0 523.2635479130553 182.90150544937526 1.0 523.7858173241427 170.31941194169858 1.0
0.4729246444626063 -0.8811028774552478 129.60996329401658 264.5238059340858 289.0806473166093 1.0 270.4533385067559 292.26327463007186 1.0 258.59427336141556 285.8980200031468 1.0
-0.10883792987134346 -0.9940595077867928 301.60832524053507 297.19124947005764 270.8717564321992 1.0 315.23678547231464 268.8959805691654 1.0 279.14571346780065 272.84753229523307 1.0
0.11442936687155537 0.9934313866580696 -302.9941714850157 380.0781093478601 261.2179135426494 1.0 375.00148259211625 261.8026697656808 1.0 385.15473610360397 260.6331573196181 1.0
-0.11798265282016432 -0.9930156562882162 283.189067354475 58.91141100150646 278.18145771808634 1.0 72.76290884251941 276.5357269076336 1.0 45.05991316049351 279.8271885285391 1.0
0.0367237797954734 -0.9993254544929462 264.87091809715486 63.22251049303802 267.3730429354375 1.0 73.83318123551182 267.7629698947449 1.0 52.61183975056423 266.9831159761302 1.0
0.998038641355724 0.06260088146999623 -330.7637071785011 316.0608295842696 244.7694964454841 1.0 315.7850386085254 249.16640019933675 1.0 316.3366205600138 240.37259269163144 1.0
-0.9973454332589374 -0.07281542939200637 635.2684822825014 616.3038929048439 282.91543929852025 1.0 617.124205738785 271.6796989395583 1.0 615.4835800709027 294.15117965748226 1.0
-0.03929319870606713 0.9992277240626609 -142.2930783480897 218.85006814286479 151.00901819353578 1.0 210.0644991862869 150.66353828095578 1.0 227.63563709944268 151.35449810611576 1.0
0.02950243782430957 0.9995647083417976 -219.72925100097152 195.7477093016003 214.047389421125 1.0 185.13195723612458 214.36071637500427 1.0 206.36346136707604 213.73406246724568 1.0
0.2079478340376157 -0.978139917557332 218.80659123259326 350.1999524606616 298.14744045528744 1.0 357.7570140928829 299.75403535025254 1.0 342.6428908284403 296.54084556032234 1.0
-0.9890762763821477 -0.14740461152224985 576.1034071969209 529.4124441497925 355.9869513237811 1.0 531.2116530741199 343.91436522942644 1.0 527.6132352254651 368.05953741813573 1.0
-0.9997024541069706 0.024392688504964156 449.03253564063175 454.6808360158234 226.01083757838808 1.0 454.54292421485394 220.35870268348253 1.0 454.81874781679284 231.66297247329362 1.0
0.9835728466714106 -0.18051164862882935 -217.85043019788512 251.93538033949287 165.89715537666234 1.0 253.45940562102567 174.20127256767344 1.0 250.41135505796007 157.59303818565127 1.0
0.8878766202679039 -0.4600816309978527 -259.91914066735904 306.89189453093013 27.306018301860927 1.0 309.3405480315253 32.031488844121604 1.0 304.443241030335 22.58054775960025 1.0
0.3173249811519482 0.9483168543988427 -381.32008839203553 355.99411626534356 282.979534649361 1.0 348.12303063020323 285.61335064580834 1.0 363.86520190048384 280.3457186529137 1.0
0.9913005438401918 0.13161774873526672 -614.164406305068 595.8091320890555 178.8397831327448 1.0 594.9013049411271 185.67723138043027 1.0 596.7169592369838 172.0023348850593 1.0
0.9895071514277977 -0.14448389970251208 -143.79048418841938 207.0604914709927 422.86616727593616 1.0 209.80637493788058 441.67152436463095 1.0 204.31460800410483 404.0608101872413 1.0
-0.11556653240878195 -0.9932997415619367 380.84910094177457 61.40683883252635 376.27365625203845 1.0 67.64511131542945 375.5478576950625 1.0 55.168566349623255 376.99945480901437 1.0
-0.17525638910632735 0.9845228276060497 -306.6815515620511 167.67384521659915 341.35060640438576 1.0 163.82334582911014 340.6651732178863 1.0 171.52434460408818 342.0360395908852 1.0
0.29900949338473687 0.9542501364243041 -390.5986587193258 172.76311518423194 355.190776752282 1.0 162.76552617477844 358.3234711168718 1.0 182.76070419368543 352.05808238769214 1.0
0.9895176243899502 0.14441215676552072 -569.0953166383179 573.2320497211219 12.963594035447493 1.0 572.312866292997 19.26187405943162 1.0 574.1512331492468 6.665314011463364 1.0
-0.9984671017262026 0.05534841253800304 88.1566898275008 99.08894761637342 194.77278602556294 1.0 97.94339254198196 174.1073504232316 1.0 100.23450269076486 215.4382216278943 1.0
0.9911577884573539 0.1326885013116325 -574.1258939383433 566.4066253083545 95.92056360806765 1.0 564.6254682685479 109.22546685905635 1.0 568.1877823481611 82.61566035707895 1.0
0.9987303662614091 0.05037514771543562 -312.4909663925474 302.93829314261393 197.26580225140896 1.0 302.40056468236645 207.9267286488037 1.0 303.4760216028614 186.60487585401418 1.0
0.9923709872831494 0.1232875646554323 -324.1826537677607 325.09508495254227 12.715989296151317 1.0 324.3114164089386 19.023924151480706 1.0 325.87875349614586 6.408054440821929 1.0
-0.16838459852624912 0.9857213739080399 -180.0111977045247 372.68360206837406 246.2819442107106 1.0 365.18877699377515 245.0016502609027 1.0 380.178427142973 247.56223816051852 1.0
0.9685935737977142 0.24864932897108763 -184.12395528945555 159.92545661383804 117.5196645313472 1.0 157.51301405899508 126.91714155429436 1.0 162.337899168681 108.12218750840005 1.0
0.9878769564107183 0.15523890940320356 -562.464456307961 547.8097769758556 137.18082160514132 1.0 546.9019583327193 142.9578083258157 1.0 548.7175956189917 131.40383488446696 1.0
-0.3872239336977769 0.9219856968367891 -245.0908725889341 180.7080888473759 341.72479105084835 1.0 173.52513669303767 338.70802951288914 1.0 187.89104100171414 344.7415525888076 1.0
0.8982499502181157 0.4394849564355445 -331.7809614665163 223.79241819316758 297.5288028646984 1.0 217.52994063000415 310.3284904921829 1.0 230.05489575633098 284.7291152372139 1.0
-0.9919139225122937 -0.12691245142331553 511.65427259064325 488.8978119955881 210.4578856280324 1.0 490.1868744650194 200.3829166547196 1.0 487.6087495261568 220.53285460134518 1.0
0.9725647063188463 0.23263252572015009 -626.9373216542026 596.6030303396478 200.7555500608315 1.0 594.912265594197 207.82411501331688 1.0 598.2937950850986 193.6869851083461 1.0
-0.11442826444105147 0.9934315136419867 -339.6596479230957 150.80461412124458 359.2758567505217 1.0 146.41585171497823 358.77033779093875 1.0 155.19337652751094 359.7813757101046 1.0
-0.9951108959755196 -0.09876388363566165 594.766444306622 559.5639072226104 384.13134273579243 1.0 560.810709253127 371.56899463829984 1.0 558.3171051920939 396.693690833285 1.0
-0.003342403869865826 -0.9999944141525845 436.6713427454769 20.752020226759075 436.60441991843413 1.0 33.87896258942376 436.56054413039817 1.0 7.625077864094394 436.64829570647004 1.0
0.9944147272942048 0.10554311981551592 -653.692272083113 623.1625143123416 322.24071462624073 1.0 622.4339959936286 329.10472761446874 1.0 623.8910326310546 315.3767016380127 1.0
0.9996465794047618 0.026584135952840073 -634.3781806927819 628.1939021041053 240.9818871995016 1.0 627.9770989416048 249.1343635554058 1.0 628.4107052666056 232.8294108435974 1.0
0.5147658304093139 -0.8573308228700339 1.4996313621829478 130.06765409798257 79.84550830000842 1.0 135.12187421272947 82.88020592784997 1.0 125.01343398323567 76.81081067216685 1.0
-0.9891503088538752 -0.14690699947341984 334.67147423477553 334.1315246266015 28.352450648955653 1.0 334.7942465392903 23.89022905999073 1.0 333.46880271391274 32.814672237920576 1.0
-0.9982984104748471 0.058311951119764276 152.46377286587685 168.1925099528847 264.82637224993744 1.0 167.7174063596769 256.69261659946847 1.0 168.66761354609253 272.96012790040646 1.0
-0.9930315236861599 -0.11784902615441337 600.6383884462323 561.3999161024075 366.1513019652584 1.0 562.075557957404 360.4581394281808 1.0 560.7242742474109 371.84446450233605 1.0
0.17544863584598194 -0.98448858610945 242.87077056826067 241.48925007188535 289.73391270290597 1.0 247.76277014730755 290.851935354174 1.0 235.21572999646315 288.6158900516379 1.0
0.9953500763357275 0.0963235461269027 -441.63965274236773 403.7969713311551 412.3634158094321 1.0 398.0463657627382 471.7867439742756 1.0 409.54757689957194 352.94008764458863 1.0
0.9936042902296058 0.11291817585013068 -620.8738884922097 623.2649491468874 14.12669889604307 1.0 622.3995720525455 21.741437507706145 1.0 624.1303262412293 6.5119602843799935 1.0
-0.2149018676157053 -0.9766356471557249 425.47428905507195 183.96789916169166 395.17218633977257 1.0 194.16194861137524 392.92905680453197 1.0 173.77384971200811 397.4153158750132 1.0
-0.97128811855903 -0.23790626462129946 463.6061533116286 439.4116426529722 154.72835784667643 1.0 440.81756635650663 148.98846280432784 1.0 438.00571894943783 160.46825288902502 1.0
0.9867449742647825 0.16227863618848198 -492.8183605256136 466.59869078473724 199.68400127303283 1.0 465.24827688457884 207.89527393624977 1.0 467.94910468489564 191.47272860981593 1.0
-0.9225061530543335 -0.3859823798787898 516.2041745969631 436.1686443016883 294.9251634104047 1.0 440.78992594240117 283.88020133236006 1.0 431.5473626609754 305.97012548844936 1.0
-0.9995961419335737 0.02841747757128668 347.98260893036786 349.8058368196672 59.18737777473234 1.0 349.6277945931241 52.92467123058947 1.0 349.9838790462103 65.45008431887521 1.0
0.9988492742849799 -0.047959641995837674 -214.53403836106696 228.0366769269254 276.07026130219606 1.0 228.48721875898667 285.4536378926317 1.0 227.58613509486415 266.68688471176046 1.0
0.9978794108217356 0.06508979534509143 -330.2226922470555 328.1283092738306 42.86706234302876 1.0 327.7197128064852 49.131177938059274 1.0 328.5369057411761 36.60294674799826 1.0
-0.9955337421343198 -0.0944063995290464 639.4814654049762 611.9051909657996 321.05027797454323 1.0 612.3275149845347 316.59678951547767 1.0 611.4828669470645 325.5037664336088 1.0
0.8535768182428791 -0.5209670002585219 185.78138878550874 19.13474422145744 387.960010472171 1.0 25.386188324306655 398.2026703029958 1.0 12.883300118608222 377.71735064134623 1.0
0.9999898843287268 -0.004497915096973553 -303.6070684047955 304.39614769578753 174.74765589819918 1.0 304.421473501324 180.3781644344699 1.0 304.3708218902511 169.1171473619285 1.0
-0.9995759996402394 -0.02911736497721034 627.2563546188875 620.0481368842342 256.58634885428376 1.0 620.339187076274 246.5948270637159 1.0 619.7570866921943 266.5778706448516 1.0
0.6181619215084053 0.7860507863980776 -347.57678084342706 77.77338425514601 381.0189384358422 1.0 71.09595454080126 386.2701675604528 1.0 84.45081396949077 375.76770931123156 1.0
-0.9401635566424399 -0.34072347550680715 183.93598571503992 99.87242121791745 264.2599686986108 1.0 103.0381484414824 255.5247285997607 1.0 96.70669399435249 272.99520879746086 1.0
-0.999913992457791 -0.013115170114058836 281.3349595120287 276.2633883434133 388.5067337546121 1.0 276.7142910457666 354.1294502425378 1.0 275.81248564106 422.88401726668644 1.0
0.9276065173214179 0.3735587624763072 -546.9931980124433 573.7446483838446 39.5758964273832 1.0 571.2300608695654 45.82002185267939 1.0 576.2592358981238 33.33177100208702 1.0
0.9916117557196973 -0.1292521795502865 -55.41651622268628 80.11905036713678 185.9193095395024 1.0 81.67236912398064 197.83623925802232 1.0 78.56573161029291 174.00237982098247 1.0
0.9915452956793227 0.1297610365872768 -613.5355271689474 587.1331791110796 241.7242209915182 1.0 586.4688119758564 246.8008612901754 1.0 587.7975462463028 236.647580692861 1.0
-0.997634999157332 0.06873433244274892 322.78639594345435 347.34239985256545 345.3083487867532 1.0 346.5591563549278 333.9400689426656 1.0 348.12564335020306 356.6766286308407 1.0
0.9995519264290769 -0.02993236328660416 -104.72237954961739 110.15149385836196 179.73049050746454 1.0 110.8076508193715 201.64198971442693 1.0 109.49533689735242 157.81899130050212 1.0
0.9355750285306267 0.3531279739555009 -363.7406328345336 269.6423233224496 315.6646222344145 1.0 267.6786863359329 320.86706969023584 1.0 271.6059603089663 310.4621747785931 1.0
-0.9999913818335385 -0.004151657337760989 488.27576301360335 487.3416825576339 226.001418561123 1.0 487.35985667461216 221.62389920628078 1.0 487.3235084406556 230.37893791596517 1.0
-0.9741874771356571 -0.22574046910570503 674.3477729126593 608.5480337571861 361.06906091664644 1.0 609.8805950827772 355.3183660543165 1.0 607.215472431595 366.8197557789764 1.0
0.9858565936530308 -0.16759109985569937 -222.1908784126428 276.1643399909619 298.74830550305785 1.0 277.74839337593454 308.0665179595566 1.0 274.5802866059892 289.43009304655914 1.0
-0.9995444287284061 -0.03018169972026535 313.2150534331117 312.95044471869494 13.49095479171299 1.0 313.15841870797766 6.6033625011961785 1.0 312.74247072941216 20.3785470822298 1.0
0.9985526644550803 0.053782676668791954 -316.8437560355353 315.63365788725076 30.99373374038677 1.0 315.32976032968077 36.63602852057565 1.0 315.93755544482076 25.35143896019789 1.0
0.9992179301296851 0.03954147325717699 -328.40892117347545 325.38598777344504 82.88532791821778 1.0 325.1864806179993 87.92689846400893 1.0 325.5854949288908 77.84375737242664 1.0
0.21549661064853634 -0.9765045882119516 266.61867867824554 22.593089898736636 278.01959791362935 1.0 32.65478557933261 280.2400291770561 1.0 12.531394218140658 275.79916665020266 1.0
0.7060800898826884 0.708131983934672 -263.5609007799488 105.18569367330619 267.31087005129643 1.0 99.86595098133205 272.61519817559764 1.0 110.50543636528032 262.0065419269953 1.0
0.9999462385627483 -0.010369184356116312 -142.51074339025428 145.2637124157343 264.74208049940245 1.0 145.34802470923705 272.8726872913394 1.0 145.17940012223153 256.6114737074655 1.0
-0.07504864740441866 0.9971798737052244 -232.85473940383582 321.916011649392 257.7409627221615 1.0 312.50026820606547 257.0323254658729 1.0 331.33175509271854 258.44959997845007 1.0
0.9980792787967571 -0.06194960239214741 -483.608873717529 498.13359405983266 219.01584614309678 1.0 498.52483259186147 225.319148453465 1.0 497.74235552780385 212.71254383272858 1.0
0.9937061931356866 0.11201786341374992 -608.637288279187 570.7409198955095 370.3739764239051 1.0 569.1711557766517 384.29929403962836 1.0 572.3106840143673 356.4486588081819 1.0
-0.9765764705607932 0.21517062333651407 213.75489055608833 256.0536853433766 168.70850299047362 1.0 254.78489140425282 162.94993665960126 1.0 257.32247928250047 174.467069321346 1.0
0.9913860969173826 -0.13097177878809552 -102.54520830166706 137.1707474505781 255.352442595377 1.0 141.62801600004153 289.0915741170969 1.0 132.71347890111466 221.61331107365712 1.0
-0.9979983135838726 -0.06324054145677772 446.02561546612935 435.64914130274224 177.86860884829323 1.0 436.20388800162954 169.1141570804485 1.0 435.09439460385494 186.62306061613796 1.0
0.8985317068439154 -0.4389086144018595 -5.266782220151085 197.74241611442903 392.81764538056916 1.0 200.6888512092132 398.8495738229607 1.0 194.7959810196449 386.7857169381777 1.0
0.9891567440557991 0.14686366360992847 -566.4054159095454 539.1596848808778 225.3244721888351 1.0 538.1843370611217 231.89363878864336 1.0 540.1350327006338 218.75530558902682 1.0
-0.4599553156533412 0.8879420632013303 -224.1039476555806 92.11829523410228 300.10319170678804 1.0 86.16950413168419 297.0217090260333 1.0 98.06708633652036 303.1846743875427 1.0
-0.9981367730504712 0.06101624606932089 163.78167980629718 176.79560467381003 207.8874947160098 1.0 176.40798308855628 201.5465710572461 1.0 177.18322625906382 214.2284183747735 1.0
0.993793355138241 0.11124193131673922 -257.0233445142636 207.50135938630402 456.75108093306454 1.0 205.81215008576652 471.8418381542067 1.0 209.19056868684152 441.6603237119224 1.0
-0.06011872509710521 -0.9981912336284559 229.76911065688645 305.06099915650356 211.81235136898243 1.0 318.83631554673923 210.9826962575266 1.0 291.2856827662679 212.64200648043823 1.0
-0.9777996751071721 -0.2095418701842389 559.4837849232053 534.3430883374584 176.59137392703258 1.0 535.7059777824309 170.23162894943295 1.0 532.980198892486 182.95111890463218 1.0
0.9676831106088811 0.2521693824442607 -624.7917772349764 605.5101374015145 154.062493997086 1.0 604.1708070192902 159.20208460813186 1.0 606.8494677837388 148.92290338604013 1.0
0.23783804626120927 0.9713048253512647 -410.92988869771125 36.09501418234871 414.23156824049113 1.0 29.621024428943073 415.8168183435247 1.0 42.56900393575435 412.64631813745757 1.0
0.9867894296768203 0.16200809077973816 -670.4554592346833 620.1622447732191 361.00611473372055 1.0 619.0303448797844 367.9005040504381 1.0 621.2941446666537 354.111725417003 1.0
-0.9878502688179028 -0.155408643248685 673.8954502378307 625.2080292940846 362.1647371471715 1.0 626.3087672373955 355.16793020987825 1.0 624.1072913507737 369.1615440844647 1.0
-0.3063292656160155 0.9519256173815014 -206.97496096196664 327.0638245889003 322.6766635430805 1.0 310.3143210325993 317.28668030263765 1.0 343.81332814520124 328.06664678352337 1.0
-0.2318681621512761 0.9727472207005217 -295.261153865319 26.809610815838802 309.92373212443636 1.0 13.5444389878376 306.7617893844052 1.0 40.07478264384 313.08567486446753 1.0
0.9118628575023512 0.4104949806120006 -436.2501898043457 348.5160045608055 288.5574625629562 1.0 347.2642677537006 291.3380381014581 1.0 349.76774136791045 285.7768870244542 1.0
0.2119467378061114 0.9772812186537442 -383.62357764721224 61.39695865535154 379.2262508221834 1.0 51.32834393648596 381.4098700334784 1.0 71.46557337421712 377.0426316108883 1.0
0.2522755788783953 -0.9676554305648114 254.09391077401372 135.72478272807808 297.97172608909574 1.0 142.77252690990278 299.80912986640817 1.0 128.67703854625336 296.1343223117833 1.0
-0.9962453365816697 -0.08657499257450493 636.1113850473754 602.898903590743 409.77380257198104 1.0 604.0403029930145 396.6393650412878 1.0 601.7575041884716 422.9082401026742 1.0
0.3194206522556031 0.9476130259302079 -406.65856721413655 120.3590583351281 388.5693719062268 1.0 110.24427697539505 391.97885443858985 1.0 130.47383969486114 385.15988937386373 1.0
0.9908509145706638 0.1349609761911907 -226.43301410860076 205.72050916135237 167.41624207077388 1.0 204.7669893683038 174.4167542607938 1.0 206.67402895440097 160.41572988075393 1.0
0.9998999068410492 0.01414836737086776 -327.4824223586549 326.64279494891923 61.655320084970825 1.0 326.5191342359655 70.39472669784224 1.0 326.7664556618729 52.91591347209941 1.0
0.9927526060088537 0.12017596790802036 -543.0282149532998 519.3342375804671 228.47993391395843 1.0 518.4869364252723 235.47934023900348 1.0 520.1815387356617 221.4805275889134 1.0
0.080275393810208 -0.9967727229156184 391.9038960466315 13.8617812341997 394.28913628828155 1.0 20.171525769967705 394.79729347979156 1.0 7.552036698431698 393.78097909677155 1.0
-0.18191504923739688 0.983314250309104 -355.00347108158405 140.0667061719757 386.9400984596472 1.0 131.1590715162903 385.2921687195174 1.0 148.9743408276611 388.5880281997769 1.0
0.999525091351767 0.03081544674740024 -592.318266454117 583.4930288688355 295.3824926014669 1.0 583.2999302975788 301.6458081606186 1.0 583.6861274400922 289.11917704231513 1.0
0.9999996896496958 0.0007878454875600181 -81.51190547863514 81.34864937633435 207.25047164335615 1.0 81.34224774579673 215.37595900344138 1.0 81.35505100687196 199.1249842832709 1.0
-0.9987507871677739 0.049968641483955654 97.23364105311084 106.56676232978342 184.11540591183484 1.0 106.12696182323043 175.32487070671792 1.0 107.0065628363364 192.9059411169518 1.0
0.11183989502773811 0.9937262389009281 -310.18389552274806 243.46009473536267 284.741745772008 1.0 235.29780075477993 285.66037916039835 1.0 251.62238871594542 283.82311238361774 1.0
0.9970423687015195 0.07685385490697942 -612.189959787356 596.9747411885478 220.94987685787873 1.0 596.5437168473836 226.54165271092464 1.0 597.405765529712 215.35810100483283 1.0
-0.051052891419912844 -0.9986959508667623 227.42234252531182 256.3680415949909 214.61387977813243 1.0 290.1256750142517 212.88820461939068 1.0 222.61040817573007 216.33955493687418 1.0
-0.9992240076998985 -0.03938759241377192 360.7161481483114 344.54993614791044 417.2273320292112 1.0 346.6957922265739 362.789099594382 1.0 342.4040800692471 471.66556446404036 1.0
-0.9985838819466551 0.05319991274756559 69.78623273195952 74.5333785791183 87.24822174428326 1.0 70.23428964046468 6.552583359216232 1.0 78.83246751777195 167.94386012935027 1.0
-0.015297577430532063 -0.9998829852161485 215.3286588512419 378.8816125295798 209.55720933812086 1.0 396.3966369859979 209.28924053899001 1.0 361.3665880731618 209.82517813725167 1.0
0.516967814229093 0.8560048358807291 -416.6375145077241 192.90871256970647 370.21977650249084 1.0 186.94616411009025 373.82074406154834 1.0 198.87126102932268 366.61880894343335 1.0
0.9915633151515757 0.12962326969189222 -624.997209790964 619.7433620127952 80.8684060762397 1.0 618.0249058656183 94.01387045379687 1.0 621.4618181599719 67.72294169868253 1.0
0.9888459679773105 0.14894177256571065 -573.2222031297455 527.5740704456047 345.992328898177 1.0 526.533787641139 352.898916882405 1.0 528.6143532500703 339.085740913949 1.0
0.03443861416219671 -0.9994068149930675 330.6782913797187 38.20895218155333 332.1912055840283 1.0 56.333966968725605 332.81577646104785 1.0 20.083937394381046 331.56663470700875 1.0
0.14133989638127958 0.9899611273635592 -315.41763661515665 54.214207540309076 310.87584919482845 1.0 39.251510154014404 313.01212105410383 1.0 69.17690492660375 308.739577335553 1.0
0.9857698450922735 0.1681006023390604 -625.7976336253213 593.6347273055646 241.58402696267154 1.0 592.5284046197496 248.07168689632357 1.0 594.7410499913796 235.09636702901952 1.0
0.9999716542580556 -0.007529321377632693 -146.5985477059654 149.17496359099965 341.62274141370045 1.0 149.2314319006504 349.1223162335974 1.0 149.1184952813489 334.1231665938035 1.0
-0.194192446780269 -0.9809634517215676 474.7737189872952 250.07207723746268 434.4826605814284 1.0 268.9484201491174 430.7458819992656 1.0 231.19573432580796 438.2194391635911 1.0
-0.9899101477159469 -0.14169650471691977 606.8806162297655 563.2708415191082 347.87798327117616 1.0 563.834488110257 343.9402751292689 1.0 562.7071949279596 351.81569141308336 1.0
0.9999985588785375 0.0016977163627153148 -622.7633699122441 622.6628321861083 59.74794207990228 1.0 622.6532825453302 65.37292586729751 1.0 622.6723818268863 54.12295829250705 1.0
0.9868312394884748 0.16175322182151583 -267.61271012703855 218.34399132812817 322.3678511169212 1.0 215.95129340725967 336.96532885728783 1.0 220.73668924899667 307.77037337655463 1.0
0.995103794068503 -0.09883541384782159 -86.71595162174602 95.9922775215797 89.10093658143593 1.0 96.37941145216794 92.99871398877472 1.0 95.60514359099145 85.20315917409714 1.0
0.03676443133732007 -0.9993239597790315 199.23472529249153 324.48869759366465 211.30721991455363 1.0 328.8807464769285 211.46880032901163 1.0 320.0966487104008 211.14563950009563 1.0
-0.04337256970123521 -0.9990589673275104 231.5266862024134 191.3722493757403 223.43664115704212 1.0 202.62816844964735 222.94798317933493 1.0 180.11633030183324 223.9252991347493 1.0
-0.09975625957579917 0.995011903785802 -274.12379353426957 235.25445534728493 299.0837566022926 1.0 230.18013857171385 298.57502413436157 1.0 240.32877212285598 299.5924890702236 1.0
-0.010121216142713356 -0.99994877918011 213.5955353659716 345.12235053103973 210.11323963296945 1.0 360.1334648179538 209.96130111831332 1.0 330.1112362441256 210.26517814762556 1.0
0.053951448985709166 -0.9985435599673869 281.54734062994413 401.99040459063434 303.67759364034566 1.0 428.8881895814828 305.13088474645394 1.0 375.0926195997859 302.2243025342373 1.0
-0.6130378000879142 0.7900535777169613 -88.21456152365135 247.08972586255413 303.3843656317531 1.0 240.8543156962497 298.5460328416616 1.0 253.32513602885854 308.2226984218446 1.0
-0.9971835326029177 -0.07500001537043549 632.062630661962 625.9716829554071 104.71966578011505 1.0 626.6798590233425 95.30391420138928 1.0 625.2635068874717 114.13541735884083 1.0
-0.1667297490732123 0.9860026322348149 -255.36762756161446 28.205641653788405 263.76232538805664 1.0 18.783013043798487 262.1689903883387 1.0 37.62827026377832 265.3556603877745 1.0
-0.9974291265540097 0.07165987372097053 146.66922799486736 168.0416947206158 292.22006274404407 1.0 167.09715795477365 279.0731168671859 1.0 168.98623148645797 305.3670086209023 1.0
-0.9999835743393108 -0.005731583688301076 175.5314368568782 174.8765771885607 114.7557407177716 1.0 174.93747426495776 104.1310897601946 1.0 174.81568011216365 125.38039167534862 1.0
0.07984502905163018 0.9968072889659988 -256.7892881204898 187.03047700215473 242.6304832718395 1.0 168.8717965711699 244.08500751398788 1.0 205.18915743313954 241.1759590296911 1.0
-0.9955515609182383 -0.09421830795158352 287.262705471116 258.2850542629337 319.75331751108604 1.0 259.06381717217585 311.5245703945533 1.0 257.50629135369167 327.98206462761885 1.0
-0.9819069720983891 -0.1893639304212221 637.796828541895 616.9352452232567 169.1125118321938 1.0 618.6294357132927 160.32764213431278 1.0 615.2410547332208 177.89738153007482 1.0
0.7938600887866767 -0.6081004517607349 80.25137581725082 190.29259743725882 380.3928667450732 1.0 194.62586195204335 386.0498363172592 1.0 185.9593329224743 374.7358971728873 1.0
0.7655712799903145 0.6433510824223361 -302.9900659840221 63.40521828465991 395.50543834592247 1.0 56.250004327823014 404.01995935506596 1.0 70.56043224149681 386.990917336779 1.0
0.6559968996642247 0.7547635839326942 -368.8230119227049 104.57335433202317 397.7711989350321 1.0 98.89335859640268 402.70792305897356 1.0 110.25335006764365 392.8344748110906 1.0
-0.9932226526699 -0.11622720087555782 605.1001951310265 607.7296421436129 12.814107573776234 1.0 608.4595819247901 6.576387657193518 1.0 606.9997023624356 19.05182749035895 1.0
0.1883497872142541 0.9821020098016016 -384.31467820266465 35.81238875650166 384.45031028601375 1.0 25.333094075691967 386.46005357498706 1.0 46.29168343731135 382.44056699704043 1.0
-0.9991718237979335 0.04068988238261932 219.40680300748355 230.77742711742195 274.7488830688021 1.0 230.496881060908 267.8598556611903 1.0 231.05797317393592 281.637910476414 1.0
-0.4440400662580337 0.896006930529871 -252.68953323592416 168.48945401862005 365.5168173403025 1.0 156.22055857087304 359.43663987525906 1.0 180.75834946636706 371.59699480534596 1.0
-0.9972672118242657 0.07387901068811913 237.27499030895936 260.5557413682676 305.48199278751474 1.0 259.99292905284506 297.88478400853927 1.0 261.11855368369015 313.07920156649027 1.0
-0.9913682480037342 -0.13110681465891316 651.4114584501264 598.7636630627675 440.9852758737998 1.0 599.5162594327974 435.2944950646439 1.0 598.0110666927376 446.67605668295573 1.0
-0.9971277541393968 -0.07573798204944963 301.6493892139293 277.2838346684128 332.2240863959985 1.0 278.4710119074442 316.59431462114543 1.0 276.09665742938137 347.8538581708516 1.0
-0.9980233860893144 -0.06284362194224029 521.6622702045296 510.6345917023723 191.53902285352333 1.0 510.95065704970864 186.51956982988935 1.0 510.318526355036 196.55847587715732 1.0
-0.9802527095137137 -0.19774889504374696 571.2680694520367 514.1512290284837 340.1785586825987 1.0 515.1693292611974 335.13177694734134 1.0 513.1331287957701 345.2253404178561 1.0
-0.9847325800291031 -0.17407396654648305 621.3814080793677 554.7092720617702 431.6619936149351 1.0 556.2281033321042 423.06999869957014 1.0 553.1904407914363 440.25398853030015 1.0
0.8568726900184843 0.5155280720780263 -292.25093992637215 90.44355066259322 416.5676769252433 1.0 81.9341357838171 430.7113979223738 1.0 98.95296554136934 402.4239559281127 1.0
-0.06126407612655309 -0.9981215922803993 232.94478392571182 406.33312091930316 208.44270105172163 1.0 415.1267159043626 207.90295571732813 1.0 397.53952593424367 208.98244638611513 1.0
-0.9969007194937146 -0.07866991466192287 283.4511615164039 255.88882030617816 360.4352764920609 1.0 257.072947918454 345.43007820599337 1.0 254.70469269390233 375.4404747781284 1.0
-0.08408384489598525 0.996458683050887 -236.09026229734394 319.5197259791351 263.8912318699247 1.0 311.34743788784795 263.201632375233 1.0 327.69201407042226 264.5808313646165 1.0
-0.1675175979403951 0.9858690858223926 -188.6542545409804 409.40668471128316 260.92417608365656 1.0 396.23712431969034 258.68642144213607 1.0 422.576245102876 263.161930725177 1.0
0.9962666225189772 -0.08632969856677185 -87.71685092627361 97.2290781499234 105.9801496434949 1.0 98.26439002344445 117.92791131312279 1.0 96.19376627640236 94.032387973867 1.0
0.9894206576188744 0.14507502292618818 -638.2785633129547 620.5705167518859 167.31532444263834 1.0 619.5573692549991 174.22505323271835 1.0 621.5836642487726 160.40559565255833 1.0
0.9997566593024476 -0.022059514509836595 -197.24858225925217 201.5663586860751 193.50956824520006 1.0 201.96639423083374 211.63953205976276 1.0 201.1663231413164 175.37960443063736 1.0
0.04402812707123574 0.999030291846348 -222.89325893022254 243.2286394742801 212.39031410342795 1.0 225.08379256050122 213.18997316494801 1.0 261.373486388059 211.59065504190787 1.0
-0.9985663582378225 -0.05352782636772001 490.1228617927404 473.14888384577296 329.77808262395587 1.0 473.4495462081252 324.1691995325564 1.0 472.8482214834207 335.38696571535536 1.0
-0.9984579700399662 0.05551289997531993 95.94345569034505 103.7903723729992 138.46995603381228 1.0 103.13024716484229 126.59690894743063 1.0 104.45049758115613 150.34300312019394 1.0
-0.9672583912739473 0.25379362582644915 72.52732336614012 109.67094989864242 132.20514539341036 1.0 108.47618632791885 127.65166188645631 1.0 110.865713469366 136.75862890036439 1.0
-0.14837483940145807 0.9889311942863322 -255.46693155522988 244.98138405447486 295.0822127531842 1.0 236.05718485011135 293.74326558336656 1.0 253.90558325883833 296.4211599230018 1.0
0.9918113786752045 -0.12771135082830407 -440.5292344138183 445.90215934322896 13.480407085779879 1.0 446.8239544844567 20.63910444468811 1.0 444.9803642020012 6.3217097268716484 1.0
-0.9999990791329265 0.00135710474874383 223.7328956575504 223.99824604345895 195.37483274205513 1.0 223.9761931115997 179.12486267022123 1.0 224.0202989753182 211.62480281388903 1.0
-0.040035784471694015 -0.9991982465765921 357.36112967659204 240.75506150552326 348.0013231758941 1.0 246.42105000236356 347.7742988640963 1.0 235.08907300868293 348.22834748769185 1.0
-0.11562688611623109 0.9932927177861842 -87.80094468107116 140.05833441014175 104.69769072235115 1.0 129.90490181817222 103.51575334077337 1.0 150.21176700211126 105.87962810392895 1.0
0.3125054114414254 -0.9499159793475556 247.19403786592696 265.6299894443448 347.6147935054354 1.0 272.7612478604836 349.9608503082289 1.0 258.498731028206 345.2687367026419 1.0
0.7091247592876003 -0.7050830275686 248.00526935575394 22.75310164806737 374.6226284808521 1.0 26.17985890781961 378.0690288648443 1.0 19.32634438831513 371.1762280968598 1.0
0.28136953726541325 0.9595994911936163 -440.2161424154312 448.0297976780448 327.3805462014951 1.0 440.6173099303071 329.5540032184139 1.0 455.44228542578253 325.20708918457626 1.0
0.9524841421267342 0.3045881793456521 -209.43024184795127 78.07236188535795 443.4431943614301 1.0 73.85871104922956 456.61979107143185 1.0 82.28601272148634 430.2665976514283 1.0
0.9791362326763267 -0.2032049159356402 -115.7063536475531 156.2125583272558 183.2978402034537 1.0 158.03092761193625 192.05959305189486 1.0 154.3941890425754 174.53608735501254 1.0
-0.9999948567141861 0.0032072644378870023 191.25167715306802 191.80712149567847 172.87561861554946 1.0 191.73495198789252 150.37384553285213 1.0 191.8792910034644 195.37739169824675 1.0
-0.03240220499633323 -0.9994749106962993 237.2572843781616 108.86616815828025 233.85257396556378 1.0 123.85041961495088 233.36679610138768 1.0 93.88191670160961 234.33835182973988 1.0
0.9944821023387934 -0.1049063779177116 -438.5377749003742 444.36065126270046 32.13283911713884 1.0 445.2427040370902 40.49444414878895 1.0 443.47859848831064 23.771234085488736 1.0
-0.9903720021989302 0.13843156164864354 104.64968683863994 144.9479401473775 281.02474895478605 1.0 144.15280559711601 275.3361690732794 1.0 145.743074697639 286.7133288362927 1.0
0.022441481096109026 -0.9997481582509733 291.1882985833963 490.12469594768254 302.26354526214635 1.0 495.13620024068496 302.37603917166376 1.0 485.11319165468007 302.15105135262894 1.0
0.2021021196294819 0.9793644537358248 -395.8181609211612 225.09061583260856 357.7083781388528 1.0 216.20318283677298 359.5423930856602 1.0 233.97804882844414 355.8743631920454 1.0
0.23329711312446383 0.972405500296965 -336.4631420055057 265.3014999667756 282.36066936254076 1.0 259.1080978654699 283.8465750163162 1.0 271.4949020680814 280.8747637087653 1.0
-0.27909955502907846 -0.9602621716919658 427.1172422530187 56.92638108600867 428.2467088106982 1.0 71.35415627139147 424.0532856466837 1.0 42.49860590062586 432.44013197471264 1.0
-0.2146785141361818 0.976684767756865 -117.18931473552759 113.95007685041355 145.03343616672518 1.0 110.11081104863065 144.18955295597996 1.0 117.78934265219647 145.8773193774704 1.0
0.2824849246964068 0.9592717379967292 -431.8805710223724 56.406408078168894 433.60665660039945 1.0 41.07911266710331 438.12021591679957 1.0 71.73370348923449 429.0930972839994 1.0
-0.9947714402643583 0.10212630236317365 140.86925274083163 153.14784961845157 112.38881592606819 1.0 152.56987415491997 106.75898824220488 1.0 153.72582508198317 118.01864360993152 1.0
0.6345551089444459 0.7728776188456375 -452.78551318355164 263.46900598323487 369.5279853166719 1.0 258.33666060755286 373.74179083981625 1.0 268.6013513589169 365.3141797935275 1.0
0.4213716577014629 0.9068880449569954 -485.17408433505295 436.12962232254574 332.3468911960134 1.0 430.03399298737577 335.1791321236309 1.0 442.22525165771566 329.5146502683959 1.0
0.9894301143797887 0.14501051257891062 -585.4260505541341 535.4670747064126 383.550134342786 1.0 533.3520116688378 397.9815505620021 1.0 537.5821377439875 369.11871812357 1.0
0.45742023036254403 -0.8892506580571516 201.59771468206313 228.7485749022212 344.3707775015889 1.0 235.216221635785 347.6976600087483 1.0 222.2809281686574 341.04389499442954 1.0
0.6460824020912773 0.763267665834185 -543.0947972212033 464.42813617793 318.4151016471711 1.0 456.3043988260601 325.2915933121475 1.0 472.5518735297999 311.53860998219477 1.0
0.8735337879410244 0.4867635168389324 -245.7297163915561 47.723631351431905 419.17996083168885 1.0 39.56852526105424 433.81491285202634 1.0 55.87873744180956 404.54500881135135 1.0
-0.6197972519412838 0.7847619807852779 -214.2901729609325 151.80381135582897 392.95705656498217 1.0 147.20457540115282 389.3246254896575 1.0 156.40304731050512 396.5894876403069 1.0
0.940960017613128 -0.3385177177837256 115.85510765213934 11.116809272780475 373.14318886539934 1.0 12.653627994232917 377.41500358952544 1.0 9.579990551328034 368.8713741412733 1.0
0.9915942646811099 0.12938629854636458 -574.5585908410985 533.0723509867432 355.2702678645327 1.0 531.2873176848841 368.9504550580328 1.0 534.8573842886025 341.59008067103264 1.0
0.9360028623206612 0.35199238873522454 -630.5250160269934 537.6411269506794 361.63106468646754 1.0 535.6840509295043 366.83523618625804 1.0 539.5982029718546 356.42689318667703 1.0
-0.9906433785082547 -0.13647599282566455 609.127660957354 550.5991350106858 466.6042160835615 1.0 551.3100533849346 461.4438463692413 1.0 549.8882166364372 471.76458579788164 1.0
0.9822215811068871 0.18772523966661173 -651.6456366539076 591.5931348691275 375.9222386723381 1.0 590.2593924342946 382.900685499507 1.0 592.9268773039605 368.9437918451692 1.0
-0.19068839036482416 0.9816506189984665 -305.6703400330185 242.0199872724388 358.39710690659183 1.0 235.0439963693806 357.04200107692196 1.0 248.99597817549704 359.75221273626164 1.0
-0.9649324992094797 -0.26249813707786135 291.8558031589785 176.6896352955657 462.33559270105684 1.0 177.883923688114 457.9454370366123 1.0 175.49534690301738 466.72574836550143 1.0
-0.7978280529149332 0.6028850619993555 51.78152309922709 287.1024736519985 294.0475649764849 1.0 279.3392905169306 283.77415520823973 1.0 294.8656567870664 304.3209747447301 1.0
0.9984491990172049 -0.05567043184583685 -63.87315401470068 77.34096214637947 239.7658370701155 1.0 78.00489730737118 251.6735142285622 1.0 76.67702698538776 227.85815991166882 1.0
0.9920883706750139 -0.1255414862561237 -433.3766771837303 443.67505016855466 54.07121302751743 1.0 444.65841411010496 61.84222131845682 1.0 442.69168622700437 46.30020473657804 1.0
-0.9969933937552213 -0.07748659760530241 551.5633532202013 520.7085551577396 418.3996285557673 1.0 521.1468594115283 412.76011851161667 1.0 520.2702509039509 424.0391385999179 1.0
0.9951198461453316 -0.0986736631918139 15.915180325789388 15.724939104313435 319.87643193667316 1.0 16.541006005791886 328.10643316673696 1.0 14.908872202834985 311.6464307066093 1.0
0.9456995809889945 0.3250420011586814 -148.3785580280225 89.3364526547383 196.56878790320235 1.0 87.60139416602053 201.61688654867785 1.0 91.07151114345606 191.52068925772681 1.0
-0.32957873593124726 0.9441280934396356 -121.8850458469338 411.42887134392333 272.72067739455144 1.0 402.46244805825734 269.5906546011949 1.0 420.3952946295893 275.85070018790793 1.0
-0.02439527031193361 0.9997023911076774 -257.45463005475887 54.521675778363985 258.861740629125 1.0 33.893707812105234 258.35836596582624 1.0 75.14964374462274 259.36511529242375 1.0
-0.03201445252563543 -0.9994874060384572 413.1531542472029 262.67149107793426 404.9514459321535 1.0 271.43252175901137 404.67082248545427 1.0 253.91046039685716 405.2320693788527 1.0
0.4099227354790955 -0.9121202502616284 233.09006260767893 469.2947310700217 466.4567444827472 1.0 481.2774767703139 471.841999217093 1.0 457.31198536972954 461.07148974840135 1.0
-0.7851867909050281 0.6192589954035903 -122.78083843037257 162.45712801902755 404.2573968200911 1.0 156.89296462703612 397.202339678803 1.0 168.021291411019 411.3124539613792 1.0
0.998792291799891 0.04913204495155268 -441.4681333733822 423.66019915581364 372.86443363418107 1.0 423.10511374601003 384.14861749319095 1.0 424.2152845656173 361.58024977517124 1.0
-0.9189112792745187 0.394464270653335 -7.933247719583436 171.85015315707267 420.4393252802944 1.0 168.19221712572994 411.91810060131826 1.0 175.50808918841543 428.9605499592705 1.0
-0.07672277075996001 -0.9970524642399289 259.50618812894345 188.23375167695448 245.7888445585082 1.0 205.15285013133905 244.4869269977603 1.0 171.31465322256992 247.0907621192561 1.0
-0.9694905533591879 -0.24512867426577342 662.1565647671476 588.3530031469279 374.3090703301847 1.0 590.2855978197322 366.66560599714404 1.0 586.4204084741237 381.9525346632253 1.0
0.9992910665003758 -0.037647900506423235 -94.72929800676441 100.27323834385217 145.36941517831224 1.0 101.26256682889264 171.6292358757937 1.0 99.2839098588117 119.10959448083075 1.0
-0.9880204473658522 -0.15432302351555102 579.8577061730003 517.7117611045578 442.8885515778187 1.0 519.6772288776838 430.30506076582424 1.0 515.7462933314317 455.4720423898131 1.0
-0.5124330938252336 0.8587271536132414 -109.55902233671179 301.7592083429405 307.6535147939743 1.0 296.2361383557135 304.35770211463904 1.0 307.28227833016746 310.9493274733096 1.0
0.871482888127755 -0.4904259125500066 -35.634074808775914 113.4808415999783 128.99509417641337 1.0 115.53455376947339 132.6445241250648 1.0 111.42712943048322 125.34566422776197 1.0
-0.018340797551833328 0.9998317934258555 -414.94652257990094 263.24825134718776 419.8453262077264 1.0 253.8649438848837 419.6731999124192 1.0 272.6315588094919 420.01745250303355 1.0
0.9963971975246954 -0.08480934361810108 -71.06068089393413 93.90506482965611 265.3724410019664 1.0 94.97035301442459 277.888162932786 1.0 92.83977664488764 252.85671907114684 1.0
0.13131922731941725 -0.9913401336253018 367.7347634460419 238.1351497549776 402.4920143707933 1.0 245.05431969661217 403.408571685087 1.0 231.215979813343 401.57545705649954 1.0
0.9760567707340094 0.217515931150565 -320.17696923153284 249.16157372890234 353.91029879743047 1.0 248.3062776384894 357.74825924296687 1.0 250.0168698193153 350.0723383518941 1.0
0.999124287201502 0.04184087384472774 -439.2318587125897 424.78754244070603 354.11086810535255 1.0 424.52407765945094 360.40218177989703 1.0 425.0510072219612 347.8195544308081 1.0
0.9853014493837692 0.1708246289100134 -449.36260821229814 442.7950898508717 76.54613088084784 1.0 441.4415458991986 84.35325345970439 1.0 444.14863380254485 68.73900830199129 1.0
-0.9957794563525602 0.09177839781887524 -13.383564383314836 13.78442381655028 295.3833481708168 1.0 12.974223096673882 286.59281301713986 1.0 14.59462453642668 304.17388332449383 1.0
0.9564422446164669 -0.2919216208385645 -27.85822615205502 37.05721938974597 25.982535718082243 1.0 39.94108421341395 35.43113406854434 1.0 34.173354566077975 16.533937367620148 1.0
-0.9971637942813615 0.0752619915654552 143.13468253112063 177.01180034022687 443.4519368211021 1.0 176.019707884405 430.30747097654785 1.0 178.00389279604875 456.59640266565634 1.0
0.5222100762798054 -0.8528168831770627 221.41290414999733 225.7566260750392 397.86417901258653 1.0 230.60860974461576 400.83522099378973 1.0 220.90464240546265 394.8931370313833 1.0
0.0633342999048536 0.9979923679345258 -426.7252394985591 14.462927454381338 426.66582811141967 1.0 7.496991282624001 427.10789831635844 1.0 21.428863626138675 426.2237579064809 1.0
0.9969471616353095 -0.07807917076467945 -39.643998724346694 47.33467904358119 96.64773743324129 1.0 48.31530958567389 109.1688339814959 1.0 46.35404850148849 84.12664088498668 1.0
-0.9920302346004344 -0.12600005412144508 32.73898573862942 30.48766031455301 19.796062325186874 1.0 31.05436223331899 15.334275055793576 1.0 29.920958395787032 24.257849594580176 1.0
-0.09290220489068318 -0.9956752383816972 257.20462043865604 13.854389392417655 257.0291067322687 1.0 20.108259535083413 256.44558481371826 1.0 7.6005192497518985 257.61262865081915 1.0
0.0583075201802588 0.9982986692821085 -413.56787894606583 18.269311661927514 413.205640136028 1.0 7.607673785585345 413.8283532425941 1.0 28.930949538269683 412.582927029462 1.0
0.9898133342227896 0.14237121687603935 -126.72478947486586 79.97277980596925 334.1031051906375 1.0 78.51289660874806 344.2527118788734 1.0 81.43266300319046 323.95349850240154 1.0
0.9999885696941462 -0.004781263541766274 -213.61327220155937 215.3985273747403 372.87070385471554 1.0 215.43440072921942 380.3735206566642 1.0 215.36265402026117 365.36788705276695 1.0
0.10724714136465882 0.9942323926874989 -443.46709889369384 233.23711595571962 420.8805587355581 1.0 226.37454899363956 421.6208189549191 1.0 240.09968291779967 420.14029851619716 1.0
0.9878401060605371 -0.15547322875114863 -33.98414865201715 40.963897903478525 41.6897021414705 1.0 41.762026263446955 46.760820880652844 1.0 40.1657695435101 36.61858340228815 1.0
