line_hom_a line_hom_b line_hom_c centroid_x centroid_y centroid_z point1_x point1_y point1_z point2_x point2_y point2_z
-0.07887079162497113 0.996884847025197 -174.34323601742636 615.6926439236552 223.59995029167192 1.0 608.7621291895298 223.05162699728123 1.0 622.6231586577806 224.14827358606257 1.0
-0.9999511506865031 0.009884140870026347 248.0416960097711 248.9470680300174 90.36810974481108 1.0 248.88523410713861 84.11254306004287 1.0 249.00890195289617 96.62367642957928 1.0
-0.9965390276695877 -0.08312620724748963 640.1253214966326 622.9772580988438 232.22724926051956 1.0 623.559729040207 225.2444330732771 1.0 622.3947871574807 239.21006544776202 1.0
-0.15542396697649433 0.9878478579666453 -148.27914462283127 608.986138309723 245.91862412159716 1.0 600.2555896018736 244.5449950722327 1.0 617.7166870175722 247.29225317096163 1.0
-0.2951963869508479 -0.9554365981744499 383.9664376193168 459.5439964944726 259.89239964602785 1.0 476.5349767446081 254.64278288424936 1.0 442.5530162443371 265.14201640780635 1.0
0.999567050380067 -0.029422980720731465 -251.42288669535753 255.68336531269483 141.03875609645803 1.0 256.1066786120698 155.41969289069496 1.0 255.26005201331986 126.65781930222111 1.0
-0.09706991991187057 0.9952775646262216 -126.478348014014 380.0016029722949 164.14021473725188 1.0 362.5457335440892 162.43773503951616 1.0 397.45747240050065 165.8426944349876 1.0
0.20602126301715204 -0.9785475150368619 187.80464916502288 536.2290254665943 304.81834113785584 1.0 549.899413992811 307.6964749707339 1.0 522.5586369403776 301.9402073049778 1.0
0.14309992954300346 0.9897082449716115 -184.6846497520907 221.96552929965924 154.51159361890558 1.0 214.96576176704463 155.52367596319613 1.0 228.96529683227382 153.49951127461503 1.0
0.10339401591224158 0.9946404764906458 -218.9286978306502 462.66541356125845 172.01377456758166 1.0 451.27858000654805 173.1974489479967 1.0 474.05224711596884 170.83010018716664 1.0
0.6053721911020647 0.7959425294833071 -586.6032021830533 625.986952648464 260.8832941641476 1.0 622.1054811317359 263.8354355936391 1.0 629.868424165192 257.93115273465617 1.0
0.4284212922709692 0.9035791035260128 -488.11551852785954 624.4651117907929 244.11959893222928 1.0 617.9105948367312 247.2273452410064 1.0 631.0196287448546 241.0118526234522 1.0
-0.25574565948487776 -0.9667441014325586 376.7812084380418 557.0350672138854 242.38255756616064 1.0 573.8880212833187 237.92422174971372 1.0 540.1821131444522 246.84089338260756 1.0
0.33629852260176823 -0.9417554373062402 22.01499098547638 529.789962307707 212.56322466414184 1.0 534.6203675289592 214.28815034561333 1.0 524.9595570864549 210.83829898267032 1.0
0.9971839242528707 0.07499480789791282 -614.2038903603247 592.9270281621986 305.97571038767944 1.0 591.647478936767 322.98950045735245 1.0 594.2065773876301 288.9619203180065 1.0
-0.9971375788130143 0.07560852411546796 263.0306348932075 274.6585711948942 143.3931942879093 1.0 273.7597170938147 131.53895943090015 1.0 275.55742529597376 155.24742914491844 1.0
-0.9990723576442708 0.043063025800775624 206.97932335595726 210.52856272198898 77.8845446132037 1.0 208.80416252806756 37.87805330825954 1.0 212.25296291591042 117.89103591814788 1.0
0.6925197836884784 0.7213988835589248 -551.7309493030222 573.7653204457025 214.01074664596865 1.0 564.8142844627369 222.60345401492157 1.0 582.7163564286682 205.41803927701577 1.0
-0.9832950139027348 -0.18201899800301244 649.5978828068285 605.1459371704768 299.75387570641294 1.0 611.7291099374396 264.1905497435503 1.0 598.562764403514 335.3172016692755 1.0
-0.09350408532303323 0.9956188959777246 -182.33588765681864 600.0901549208514 239.49602570558608 1.0 593.6620626726802 238.8923279569138 1.0 606.5182471690226 240.09972345425834 1.0
-0.9999970365125895 -0.0024345361034036382 247.93529363131432 247.81490873094623 49.75046234103198 1.0 247.85599881465035 32.872519197473025 1.0 247.77381864724208 66.62840548459093 1.0
0.9349779230953823 -0.3547059110365167 -438.2772765773133 593.5718256382467 329.0029078592238 1.0 595.6232125036878 334.4102083051356 1.0 591.5204387728055 323.595607413312 1.0
-0.5797051898367441 -0.8148262961370016 571.8342846143825 620.8222344927048 260.10502400045715 1.0 629.5839700096607 253.8715192949312 1.0 612.0604989757488 266.3385287059831 1.0
-0.17909628486816537 -0.9838315510017052 269.75009829112935 406.5656279247479 200.17217843257896 1.0 439.1244284472596 194.24518797632814 1.0 374.0068274022361 206.09916888882975 1.0
-0.8180597185086735 0.5751332862506827 376.9657398502864 591.8324209495667 186.37162271512665 1.0 589.0343886181299 182.3917495341548 1.0 594.6304532810034 190.3514958960985 1.0
0.07086712205406723 0.9974857648166083 -92.80270347504036 268.2396509670996 73.97933283166361 1.0 261.3108170595906 74.47159701781575 1.0 275.1684848746086 73.48706864551146 1.0
-0.2820500358632925 0.9593996963046816 -137.21734010837005 538.1790747604252 301.241253836753 1.0 529.8548155740168 298.7940385508768 1.0 546.5033339468337 303.6884691226293 1.0
0.2555646674060911 -0.9667919635441815 99.17645293022686 250.53840534773983 168.81110240829582 1.0 257.8574029368095 170.74582803193417 1.0 243.21940775867017 166.87637678465745 1.0
0.9985845577394258 -0.053187226326960026 -202.34294835881315 207.57666172030704 92.87757462325284 1.0 210.77398659696902 152.90701154638813 1.0 204.37933684364506 32.84813770011755 1.0
0.6525872536442978 0.7577135846617723 -514.0348272757406 530.6339422620563 221.38956407833143 1.0 526.9357232654295 224.57468656687857 1.0 534.3321612586832 218.20444158978427 1.0
0.9938083941620406 -0.11110749611554661 -583.1144332487894 619.7745627714287 295.4141787825912 1.0 621.4617183950706 310.5050545529301 1.0 618.0874071477866 280.3233030122523 1.0
-0.9895888018642333 0.1439236020425813 576.9270885006252 626.5241459811873 299.28510576859003 1.0 625.2261406052036 290.36029033454474 1.0 627.8221513571709 308.2099212026353 1.0
-0.09543614032120942 0.9954355544788374 -126.18810632258376 501.2481336394728 174.82326480839444 1.0 474.8215928258038 172.2896532190255 1.0 527.6746744531418 177.3568763977634 1.0
-0.002799625003459833 0.9999960810422409 -183.72012197900457 542.6288774809881 185.2400052997557 1.0 531.3789656573649 185.20850964189742 1.0 553.8787893046112 185.271500957614 1.0
-0.9997702832134341 0.02143317063175077 247.58522424366564 250.6908463050669 142.21107171382164 1.0 250.40960056223815 129.09210108686534 1.0 250.97209204789567 155.33004234077794 1.0
-0.8143577018083188 0.5803632771854826 328.9856149264347 543.1034081655064 195.21364091285125 1.0 538.9713078679172 189.4155350810952 1.0 547.2355084630956 201.01174674460734 1.0
-0.9762020272337488 -0.21686309511929242 636.2093506293409 602.5944935759419 221.13206663509254 1.0 604.1381266572158 214.18345353697316 1.0 601.0508604946681 228.08067973321195 1.0
-0.0076139684413698535 0.9999710133221731 -219.98504703116555 512.6267538453275 223.89466091954864 1.0 500.11796131709815 223.79941660718285 1.0 525.1355463735568 223.9899052319144 1.0
-0.09062065760817398 0.9958854835846651 -129.75570088683543 428.9140507449365 169.32084762975842 1.0 407.55653357917214 167.3774191107756 1.0 450.2715679107008 171.26427614874123 1.0
0.23703897230200496 -0.9715001418476527 105.6986895528207 228.7556452933539 164.61417320772512 1.0 235.23018206645352 166.19391311379272 1.0 222.2811085202543 163.03443330165751 1.0
-0.29208165601678593 0.956393384658474 -134.61534764296474 461.3661689890381 281.6539162988835 1.0 458.7302670189987 280.84891427267024 1.0 464.00207095907757 282.45891832509676 1.0
-0.5177890106034883 -0.855508352091469 495.893597592812 607.10354156321 212.20372078087462 1.0 610.6787201335643 210.0398749573371 1.0 603.5283629928556 214.3675666044121 1.0
0.31013169369313215 -0.9506936060408891 140.04871549318392 319.5255818305053 251.54658014421986 1.0 331.36407534808137 255.40848898851172 1.0 307.68708831292923 247.684671299928 1.0
-0.027067672746474536 0.999633603422819 -88.58416945964683 268.8777835300911 95.89720171950786 1.0 262.61545155123815 95.7276328374165 1.0 275.14011550894406 96.06677060159923 1.0
-0.08023612450844085 -0.9967758847022062 271.2623901802779 300.75445738260333 247.93037420351635 1.0 307.6851690548199 247.37248205022632 1.0 293.8237457103868 248.48826635680635 1.0
-0.26417132689694595 0.9644757695481556 -164.29945702893787 576.3424263578354 328.21208219175196 1.0 560.5339060443669 323.88210530758124 1.0 592.1509466713039 332.54205907592274 1.0
0.060230422302554994 0.9981845000946747 -89.9510136216349 228.8557195429904 76.30546955996736 1.0 220.06231060851374 76.83606358697575 1.0 237.64912847746712 75.77487553295897 1.0
0.9927591680890984 0.12012174730264963 -624.9619488712916 595.672183242022 279.7405843378352 1.0 594.5091047047101 289.35297266094915 1.0 596.8352617793339 270.1281960147212 1.0
0.990876724627813 0.13477134929523152 -546.5720482859207 517.1231110892375 253.51674461332814 1.0 516.1709550426317 260.51726267394724 1.0 518.0752671358432 246.51622655270904 1.0
0.20475738588575051 -0.978812756825959 173.4001202218787 473.59522949317795 276.22468086502306 1.0 501.7936919901958 282.12350413497086 1.0 445.39676699616007 270.3258575950752 1.0
-0.22967345009713117 0.9732677464708673 -62.87940621043449 623.9689707310278 211.8517881841242 1.0 617.6295317642744 210.3557961259737 1.0 630.3084096977811 213.3477802422747 1.0
0.99626984470106 -0.0862925056961838 -127.13911078214169 140.47027172703832 148.4159593367423 1.0 141.82752467756208 164.08580430565684 1.0 139.11301877651454 132.74611436782777 1.0
-0.9974065963390916 -0.07197278360094483 646.3958866911474 627.6225398787292 283.45472252570596 1.0 628.3820299496471 272.92962722318595 1.0 626.8630498078112 293.9798178282259 1.0
0.9987591498490141 -0.049801210757112635 -210.26899576814887 213.60371924407733 61.63852689494969 1.0 214.29073639993027 75.4165989554442 1.0 212.91670208822438 47.86045483445518 1.0
-0.997055357422621 -0.07668516306854586 458.7331029322536 458.8169787923388 16.524397943293835 1.0 459.5889230868555 6.487629894801929 1.0 458.045034497822 26.56116599178574 1.0
-0.24085111192607558 0.9705620752347441 -179.66676607368993 616.3285858189327 338.0620360636359 1.0 602.4996095367272 334.6302882142642 1.0 630.1575621011382 341.4937839130075 1.0
0.5708480364486078 -0.821055734577604 -5.899717588926115 270.1376969853038 180.63068079316352 1.0 282.5370649070851 189.25147781493217 1.0 257.7383290635226 172.00988377139487 1.0
-0.06176795333791686 -0.9980905369456444 93.08257262373179 230.11847166014377 79.01951043979348 1.0 237.5898570596971 78.55713536694542 1.0 222.64708626059044 79.48188551264154 1.0
-0.9987776021657622 -0.04942976241102817 424.8226289643554 419.5690653536195 116.65934947425006 1.0 421.98192891150444 67.90503706914433 1.0 417.15620179573466 165.4136618793558 1.0
0.27675599039639054 0.960940227995328 -301.38246245309153 252.59189595185848 240.88505755007105 1.0 246.65439146291615 242.59509100214984 1.0 258.52940044080077 239.17502409799224 1.0
-0.13168060692294162 -0.9912921959545559 60.90175082942812 385.1123060626019 10.2794399826771 1.0 412.6249643935178 6.624731954243657 1.0 357.599647731686 13.934148011110544 1.0
-0.9995125548606499 0.031219427860488817 208.92045961541396 213.32874750383746 137.87254034903984 1.0 212.86007519438314 122.86765750786506 1.0 213.7974198132918 152.8774231902146 1.0
-0.010877897100032856 -0.9999408339270285 420.8368766928382 583.8723902146573 414.5100978472292 1.0 592.6145565555747 414.4149958345287 1.0 575.1302238737399 414.6051998599297 1.0
0.9876403256367171 0.15673731902836435 -589.9364107152502 550.3542080168962 295.93718829343607 1.0 549.111811347344 303.76583471212655 1.0 551.5966046864485 288.1085418747455 1.0
-0.9216106153052199 0.38811579941653246 253.70515043779503 344.134431328501 163.4893365896653 1.0 341.0751593387846 156.22486154106593 1.0 347.1937033182175 170.7538116382647 1.0
0.965322078795379 -0.2610618397816275 -80.59741867669655 133.1274999304091 183.5331289361792 1.0 137.76350994307126 200.67559152850092 1.0 128.49148991774692 166.39066634385748 1.0
0.04007975828382212 0.999196483668708 -81.79018340162736 392.62928454152336 66.10681448710316 1.0 376.33029916777076 66.760599207855 1.0 408.92826991527596 65.45302976635134 1.0
-0.9976487025096552 -0.06853514704734559 425.2663308311098 423.8843113349975 34.70770423688701 1.0 425.82200843229015 6.501140477196755 1.0 421.9466142377049 62.914267996577266 1.0
0.29581595090952356 -0.955244954546997 98.00923086714315 502.3419163711617 258.1641299085841 1.0 516.1249671037809 262.4324029201254 1.0 488.55886563854244 253.89585689704276 1.0
-0.05985763869112439 -0.9982069239843625 92.63447753737441 383.2541364358497 69.81898065136065 1.0 408.89935550765455 68.28116096641236 1.0 357.6089173640449 71.35680033630892 1.0
-0.07257491896516056 0.9973629635880813 -229.9484084570196 541.4509647425167 269.95605228631365 1.0 531.4583962209814 269.2289249744118 1.0 551.443533264052 270.6831795982155 1.0
0.31878659469552817 0.9478265173766921 -320.95494225614425 599.2324735414959 137.07958176193932 1.0 594.9243894633894 138.52853832492158 1.0 603.5405576196023 135.63062519895706 1.0
-0.10125037290362536 0.9948609762106848 -225.6387681590018 311.9312398324663 258.5506203007967 1.0 305.0008072877708 257.8452866950837 1.0 318.8616723771619 259.2559539065097 1.0
-0.10071478244087068 -0.994915339412298 242.21144993366306 356.94342311060035 207.31610274821927 1.0 373.7725054506347 205.61250315595922 1.0 340.114340770566 209.0197023404793 1.0
-0.07456999127999833 0.9972157822660555 -130.32776561058753 155.74343062797743 142.33785144463656 1.0 143.88798726310407 141.4513228476561 1.0 167.5988739928508 143.22438004161705 1.0
-0.9320975901533083 0.36220723685536055 336.2389968635185 442.08055194465555 209.33656907583583 1.0 439.80648126281153 203.4845164752646 1.0 444.35462262649963 215.18862167640705 1.0
0.2648848977728832 -0.9642800376093292 42.619609121681236 621.4993238922707 214.92241456186272 1.0 630.2739468608908 217.33277775241567 1.0 612.7247009236505 212.51205137130978 1.0
-0.1454396477070896 0.9893671254265717 -168.2979604209134 470.8135707598507 239.31755382094073 1.0 447.72806047282313 235.92392126837734 1.0 493.8990810468782 242.71118637350412 1.0
-0.1962891800165386 0.9805460508351636 -106.78135702312355 237.05420182691103 156.35423934308966 1.0 232.36659168578188 155.4158569488556 1.0 241.74181196804014 157.2926217373237 1.0
-0.987564603250657 -0.15721372206767692 616.2232100067221 592.4042351544397 198.36535985703932 1.0 593.7429501318165 189.95599515203074 1.0 591.0655201770627 206.77472456204794 1.0
0.3106704306462079 0.9505176923772116 -393.28353752949806 458.2075397982477 263.99509007293193 1.0 443.74347026847914 268.72257567971917 1.0 472.67160932801625 259.2676044661447 1.0
0.9993329485767143 -0.036519281057686745 -276.61867368650394 278.28039461455955 40.41956884155956 1.0 278.73741466098113 52.92570744345948 1.0 277.8233745681379 27.913430239659643 1.0
0.9987606059544768 0.04977200009489499 -413.63358761828323 411.79274814602275 47.23967186006905 1.0 411.01137965831094 62.91917163449835 1.0 412.5741166337346 31.56017208563975 1.0
0.9997932969836277 0.020331338042724485 -453.39148221749485 449.1183192895444 214.74223831608785 1.0 448.9777951768245 221.65250982240585 1.0 449.25884340226435 207.83196680976985 1.0
0.237542535515397 -0.9713771377899092 158.1000381067338 368.99865598194515 252.99433648356126 1.0 386.520695322415 257.27921152376007 1.0 351.4766166414753 248.70946144336244 1.0
-0.9989374547449523 0.046086456879178034 194.95240849509864 199.35176708147407 90.86266542806251 1.0 196.4350308481588 27.641553058569095 1.0 202.2685033147893 154.08377779755594 1.0
0.9418969424792735 0.33590199426052303 -612.8343987652228 581.9984467052009 192.47233535554423 1.0 578.8636673328557 201.26251569567353 1.0 585.1332260775462 183.68215501541493 1.0
-0.9998896771611429 0.014853737125232315 605.697070992935 607.9050077875636 144.13012498903709 1.0 607.793479153481 136.62249717882474 1.0 608.016536421646 151.63775279924945 1.0
0.9966299230173056 0.08202924202087634 -491.3538384708913 485.7397395789586 88.39627222231702 1.0 478.99996883519077 170.28240248554872 1.0 492.47951032272647 6.510141959085342 1.0
0.04362798829376324 0.999047846020119 -161.11078560537365 33.84928519236232 159.78615040628824 1.0 7.5947664184656976 160.93267391093218 1.0 60.10380396625895 158.63962690164433 1.0
-0.07560521720769886 -0.9971378295556621 159.3517387022982 47.018507558594834 156.24409144618858 1.0 58.96698233238063 155.338131403558 1.0 35.070032784809044 157.15005148881912 1.0
-0.07582054030484413 -0.9971214798949432 255.74673346523008 253.91699878779184 237.17732913493396 1.0 262.6166971873858 236.51580910307595 1.0 245.21730038819786 237.83884916679196 1.0
-0.20848683817961594 -0.9780251726340515 346.6802186911391 252.0765614206843 300.7341545506453 1.0 260.35815742167586 298.9687564672018 1.0 243.79496541969274 302.49955263408884 1.0
0.9996220728722868 0.027490206010733407 -412.394061650249 409.48070835490336 111.60728159367889 1.0 408.31187150518446 154.10951362894727 1.0 410.64954520462226 69.10504955841051 1.0
0.023784435528640405 -0.9997171103000008 116.55030519531745 229.5049134739595 122.0434748553337 1.0 240.13876398508998 122.29646655598317 1.0 218.87106296282906 121.79048315468421 1.0
-0.14263120636887172 -0.9897759034093325 65.77498665277392 258.8784388265807 29.148863415112857 1.0 271.477075391548 27.333342623310845 1.0 246.27980226161344 30.964384206914865 1.0
0.9993261471348928 0.03670492681549268 -414.1050660805272 413.8663482777948 14.10172617677749 1.0 413.6362550386658 20.366230974633794 1.0 414.0964415169239 7.837221378921184 1.0
0.4083370711690609 0.9128312200560811 -462.611814353484 557.6605349960059 257.3294379351008 1.0 544.1065200956159 263.3925596003163 1.0 571.214549896396 251.2663162698854 1.0
-0.23193230950518903 0.9727319280292948 -185.02747767512182 525.5647985602197 315.5267410843949 1.0 516.2710892196537 313.31080531718476 1.0 534.8585079007858 317.7426768516051 1.0
0.9989086205852875 -0.04670725554341939 -273.91443772003555 277.24214502304255 64.76790164272919 1.0 277.56563390911066 71.6862237149092 1.0 276.9186561369744 57.849579570549174 1.0
0.505554596467499 0.8627946163430694 -527.610849066098 555.7741759326323 285.85790309028584 1.0 551.2342473374924 288.51807472955176 1.0 560.314104527772 283.19773145101993 1.0
0.9211569048244799 -0.3891914139522921 -168.52108082012876 245.73102229327924 148.60488957753137 1.0 247.99689769925135 153.9678721636247 1.0 243.46514688730713 143.24190699143804 1.0
0.9988372089138203 -0.04821026954134365 -236.66205751643818 241.8430043670735 101.632577612961 1.0 242.6298682283728 117.93509801976631 1.0 241.0561405057742 85.33005720615569 1.0
0.0598997821123846 0.9982043959545003 -89.95644766404551 436.98624617085204 63.89579828619577 1.0 425.07911319735365 64.61031594769509 1.0 448.8933791443505 63.181280624696456 1.0
0.793159745114561 0.6090136441245012 -571.5835354472345 511.607417405301 272.2387720847726 1.0 504.52894840079847 281.4575420180531 1.0 518.6858864098035 263.0200021514921 1.0
-0.18487022675719803 -0.982762941537145 304.04637185049836 520.3361201966002 211.49730676117076 1.0 525.6194442125203 210.50344622006492 1.0 515.0527961806802 212.49116730227664 1.0
-0.024453111501212505 -0.9997009779618649 128.0528406105722 16.35521364847209 127.6910871967452 1.0 25.145817419207496 127.47606528628653 1.0 7.564609877736686 127.90610910720389 1.0
0.14715191790533086 -0.9891139029741635 178.2320207271856 583.1096054961808 266.94369246154076 1.0 597.4462400110899 269.0765744873955 1.0 568.7729709812719 264.810810435686 1.0
0.997062186657837 0.0765963180387453 -462.0653131991686 462.2441950601007 15.393759554556635 1.0 461.8586717258718 20.4121566325922 1.0 462.62971839432964 10.375362476521069 1.0
0.0337803159397007 0.9994292822681422 -133.9859014204058 67.65122269915501 131.7758285459027 1.0 56.3507582395716 132.15777979196162 1.0 78.95168715873844 131.39387729984378 1.0
-0.06937150643257854 -0.9975908951545593 96.9435348040194 442.56603311445497 66.40203184765049 1.0 457.53709976538426 65.3609583459556 1.0 427.5949664635257 67.44310534934539 1.0
0.9158201146169193 0.4015887419525761 -650.1788691329792 609.0716208717711 230.0334094206047 1.0 606.9303177877335 234.91663504669668 1.0 611.2129239558087 225.15018379451269 1.0
0.21194025939972555 -0.9772826236281791 220.8407211767253 396.5697220994952 311.97711243105914 1.0 405.18559062184227 313.84560918463995 1.0 387.95385357714815 310.1086156774784 1.0
0.99977739074174 -0.021099027504560768 -542.2552322856034 549.0449500853382 316.00960324843743 1.0 549.1902518392659 322.8947266684922 1.0 548.8996483314105 309.1244798283826 1.0
-0.9962901378527338 0.08605789456744056 116.7193184049522 124.5726128649935 85.88575488789392 1.0 117.7161929950473 6.509149966985376 1.0 131.4290327349397 165.26235980880247 1.0
0.9974209768139547 -0.07177321931957753 -153.94347353325517 161.02972187384145 92.94482005228346 1.0 162.20268760048376 109.24533759807693 1.0 159.85675614719915 76.64430250648999 1.0
-0.11189561287094378 -0.9937199664997357 316.6542430325872 299.52011284667435 284.92861770279154 1.0 308.986218653752 283.86270804363966 1.0 290.0540070395967 285.9945273619434 1.0
0.021346533539624114 -0.9997721367921001 103.6403714995053 542.6676877043483 115.25070689174154 1.0 571.4179256060474 115.8645646849883 1.0 513.917449802649 114.63684909849478 1.0
-0.262358759549695 0.9649704043583645 -150.38237302174542 476.802659333006 285.4758301706884 1.0 469.92618932736104 283.6062369348614 1.0 483.67912933865085 287.34542340651547 1.0
-0.7188374233974013 -0.6951782208350497 691.4134891754945 623.7385710664679 349.6180613721598 1.0 628.3412103897532 344.8587790862393 1.0 619.1359317431826 354.37734365808024 1.0
-0.21711847860688863 0.9761452587844854 -169.99792609429704 462.7995635878904 277.09017772338404 1.0 451.5500455338903 274.58801093727817 1.0 474.04908164189055 279.59234450948986 1.0
-0.030392382363214503 -0.9995380448458618 167.91562645509825 153.24494038333668 163.33360043030274 1.0 163.91708549579886 163.0090986101207 1.0 142.5727952708745 163.65810225048475 1.0
0.991120145300124 -0.13296938587607685 -448.18240972372996 454.5721856318644 17.697614632225083 1.0 455.61585308967744 25.476847691154273 1.0 453.5285181740513 9.918381573295896 1.0
0.18764536226359566 -0.9822368441577437 219.23143844445335 280.48177916749944 276.77901223283413 1.0 288.5510817994831 278.3205622414693 1.0 272.41247653551585 275.23746222419896 1.0
-0.9796972034993215 0.20048289068049902 480.7626849011276 560.0008207209684 338.5254117504204 1.0 557.0769071666854 324.23716040547185 1.0 562.9247342752514 352.8136630953689 1.0
-0.304861024822468 0.952396847718531 -122.09296867569587 493.5884949203587 286.19252964836653 1.0 484.94835893579204 283.42683306172796 1.0 502.22863090492535 288.9582262350051 1.0
0.15749450809162038 0.9875198630513609 -496.178094265782 582.0783104565046 409.6160211296892 1.0 576.2040134942943 410.5528828021104 1.0 587.952607418715 408.67915945726804 1.0
-0.9920291469801249 -0.12600861693505597 616.6054251990947 613.3536671011916 64.60439155334727 1.0 620.7485475772389 6.386650980461258 1.0 605.9587866251442 122.82213212623327 1.0
-0.13755724370592995 0.990493818609701 -16.17124859989379 218.8616134760593 46.7213909195817 1.0 213.78591145304452 46.01649042748318 1.0 223.93731549907406 47.426291411680225 1.0
-0.2586773970488658 -0.965963769639433 565.3414196712124 550.2980185356432 437.89609292815766 1.0 555.119619177907 436.6049067129485 1.0 545.4764178933796 439.1872791433668 1.0
-0.011485621465491773 -0.9999340380742879 157.54834020539082 20.743630387881257 157.32046387968694 1.0 33.881255024252596 157.16956014225673 1.0 7.606005751509919 157.47136761711712 1.0
0.9732446418330272 -0.22977133664428842 -471.266594942108 564.0172560551403 337.9889700304524 1.0 566.6980068901166 349.34385190707735 1.0 561.336505220164 326.63408815382746 1.0
0.08149750856882021 0.9966735453984293 -83.60847876386823 552.0711345707764 38.74494002763058 1.0 521.3449419997794 41.25740577321331 1.0 582.7973271417734 36.232474282047846 1.0
-0.7434102600931555 -0.6688356937157489 698.51185335165 610.2014753277904 366.1315001125872 1.0 619.3674921091781 355.94348086736187 1.0 601.0354585464027 376.3195193578125 1.0
-0.9999162405262779 -0.01294264006277009 356.4050466746922 354.9171799150696 117.25539986177172 1.0 355.52392004724805 70.38016351107831 1.0 354.31043978289114 164.13063621246513 1.0
-0.3829969097031028 0.9237496236307072 -121.97031799623986 298.26644990091586 255.70288802719494 1.0 291.38539588222307 252.84992618857336 1.0 305.14750391960865 258.5558498658165 1.0
-0.9997488427386494 -0.022410967019100763 344.67625804729255 342.90524549489305 82.86727177715709 1.0 344.5312020604466 10.333668324436353 1.0 341.27928892933954 155.4008752298778 1.0
-0.20614790400171207 -0.9785208437614913 313.65188473034704 503.54899921959304 214.45257432882732 1.0 514.699133477751 212.10354229613083 1.0 492.398864961435 216.80160636152385 1.0
0.8527639629616208 0.5222964900073438 -416.78791195522007 328.67270389580267 261.36050514489466 1.0 326.0421139792319 265.65552210384493 1.0 331.3032938123734 257.06548818594433 1.0
-0.05114107103749152 -0.9986914392609652 168.32435705432573 106.88205159298758 163.0716836640671 1.0 123.84060193823375 162.20326886265366 1.0 89.92350124774143 163.94009846548053 1.0
0.007249856402211723 -0.99997371944574 235.4163912348793 488.87614584617666 238.96695327471286 1.0 496.37575164304275 239.0213257687526 1.0 481.3765400493105 238.9125807806731 1.0
0.9996583308620558 0.02613850680679373 -353.5562796059537 352.42502086299 47.88611320776041 1.0 351.901148300892 67.92144173215934 1.0 352.94889342508804 27.850784683361486 1.0
0.05542952835862158 0.998462601896506 -88.2289423935164 367.04100097315745 67.98855830189042 1.0 358.8371939048214 68.4439916407849 1.0 375.24480804149357 67.53312496299594 1.0
-0.026299122057599 0.999654118272415 -191.82617044039915 207.62224514517897 197.3547145969767 1.0 190.08505511391178 196.89334231555534 1.0 225.15943517644612 197.81608687839807 1.0
-0.2930739196516792 0.9560897853339932 -102.28958330017429 84.32079836913587 132.8346062624338 1.0 79.79619294031068 131.4476613664167 1.0 88.84540379796105 134.2215511584509 1.0
-0.999147677971761 -0.04127853683984359 357.8526952822829 356.4123914668561 42.25154478169358 1.0 357.47138231609665 16.61865347749481 1.0 355.3534006176155 67.88443608589236 1.0
-0.7411370098542068 -0.67135380584634 702.8509949205444 529.5927602219903 462.27517810514286 1.0 538.5121761546454 452.42864234946853 1.0 520.6733442893351 472.1217138608172 1.0
-0.31533319989353437 -0.9489810182742878 435.4324157565558 553.5150404110718 274.91671788015344 1.0 561.9560687148346 272.1118815197194 1.0 545.0740121073089 277.72155424058747 1.0
-0.7296590375044638 0.6838111500904758 -80.78632004891762 25.024789072428074 144.8439142066532 1.0 21.67289303791489 141.2672816319514 1.0 28.37668510694126 148.42054678135506 1.0
-0.5097825015150502 0.8603033192712077 -30.45809154518128 242.05525786968354 178.83649052661315 1.0 232.28993527343096 173.049937726333 1.0 251.82058046593613 184.62304332689325 1.0
0.9931451332758728 0.11688774208807684 -256.79340893735446 242.78648611680518 134.07044695491342 1.0 241.58292511907874 144.29658980051636 1.0 243.99004711453162 123.84430410931047 1.0
0.025711952197310754 -0.9996693931066427 195.87511886372744 230.1189900760029 201.85866320179318 1.0 235.1156845535739 201.98718046003654 1.0 225.1222955984319 201.73014594354981 1.0
0.9999480132156392 0.010196610519969784 -352.78131735492735 351.6168298035278 115.99609275961883 1.0 351.12607845099575 164.12246171195733 1.0 352.10758115605995 67.86972380728034 1.0
0.22906222491717843 0.9734117818867779 -368.23537992246924 555.216888138312 247.6404834002246 1.0 541.212841878194 250.93590066748638 1.0 569.2209343984301 244.34506613296284 1.0
-0.19966259418030893 -0.9798647092763313 291.18280723905286 573.2466313305415 180.35846790828234 1.0 588.7378441626222 177.2018936263727 1.0 557.7554184984608 183.51504219019196 1.0
0.9984847959933019 -0.0550282851833002 -209.6159165522745 215.5353969593022 101.63682715788173 1.0 216.43392939382937 117.94064203406282 1.0 214.63686452477504 85.33301228170063 1.0
-0.2984536792747608 -0.9544241202564813 389.9548266412058 379.93524848928087 289.76819421651794 1.0 404.8447689495583 281.97884996949506 1.0 355.02572802900346 297.5575384635409 1.0
0.9995449731977808 -0.030163662825454796 -206.1397461980251 214.41231090481972 271.02150709987325 1.0 215.03529067499088 291.6654289366134 1.0 213.7893311346486 250.37758526313308 1.0
0.1012822460138022 -0.99485773186039 173.29429308024012 251.434807201676 199.78753616156797 1.0 265.16971019994276 201.18582837953645 1.0 237.6999042034092 198.38924394359947 1.0
-0.17597746264174322 0.9843941957580682 -212.5957796501939 363.3310463207222 280.9178035306568 1.0 353.42418800328943 279.1467815183719 1.0 373.2379046381549 282.68882554294174 1.0
-0.9999983132895333 0.0018366867148199375 230.88467726993164 231.35525725647017 255.9988883301629 1.0 231.344923802739 250.37275937837913 1.0 231.3655907102013 261.6250172819467 1.0
-0.4263640455016498 0.9045516572885526 -58.54568107964364 541.075066289968 319.7613236706952 1.0 533.5508037607791 316.21473240029957 1.0 548.599328819157 323.3079149410908 1.0
-0.29679686002572275 -0.9549406389293899 374.50894766113424 264.20903207516665 310.0638138960627 1.0 287.5998033654203 302.79393010484574 1.0 240.818260784913 317.3336976872796 1.0
0.14170375332824514 0.9899091101170289 -259.17016960769996 385.13301217525134 206.68097117286507 1.0 338.93499855698076 213.2941358150658 1.0 431.3310257935219 200.06780653066434 1.0
0.22936211960484465 0.973341162229551 -286.0619782348285 199.55825138164963 246.87220066074562 1.0 190.11832285688334 249.09666429115356 1.0 208.9981799064159 244.64773703033768 1.0
0.8628848312428601 0.5054006015142651 -626.713913152955 579.1353823066835 251.25964659323637 1.0 571.7683776372552 263.83754333870667 1.0 586.5023869761118 238.6817498477661 1.0
-0.717842720525758 -0.6962053063487654 695.368829083647 584.8693086739432 395.7520157927384 1.0 590.7098783528598 389.72992663383525 1.0 579.0287389950266 401.77410495164156 1.0
-0.41107512724768575 0.9116014698092029 -217.11358779468517 270.04006045961677 359.93836218668025 1.0 232.55323232153876 343.0341522250642 1.0 307.5268885976948 376.84257214829626 1.0
-0.9998096078014433 0.019512768843097134 224.4458987991578 225.63016162303182 58.49014102094868 1.0 225.5443335776288 54.09242047689068 1.0 225.71598966843482 62.88786156500667 1.0
0.9862916020169027 -0.16501174440303215 -449.5159517021175 516.0650411956219 360.4268577293966 1.0 519.2187063124417 379.27662767483736 1.0 512.911376078802 341.5770877839558 1.0
0.999343910553573 -0.03621806785973475 -160.97503510342196 169.0915238154698 221.03745508446838 1.0 169.34035966624734 227.90343681394685 1.0 168.84268796469226 214.17147335498987 1.0
-0.1611995580657987 0.9869218320005851 -148.83989357486556 223.44457921810596 187.30871585067246 1.0 216.4499318326277 186.16624029606893 1.0 230.43922660358425 188.45119140527598 1.0
0.9656718073366853 -0.25976520266405867 5.480969554528441 32.16360296979512 140.66724022341828 1.0 34.25583109195317 148.44505530936684 1.0 30.071374847637067 132.8894251374697 1.0
0.011645096363497918 -0.9999321935664863 118.08551526850809 30.750563191282378 118.45164032337661 1.0 40.13156955547695 118.56089045433598 1.0 21.369556827087806 118.34239019241723 1.0
0.9966077038050685 -0.08229875282401863 -128.06951855552612 133.58780524323421 61.545492616675475 1.0 138.1327470761043 116.58307081266392 1.0 129.04286341036413 6.507914420687037 1.0
-0.22651841809438136 -0.9740068820414047 345.108175447409 504.4425777519144 237.00308999026146 1.0 511.37849960397904 235.3900479523417 1.0 497.50665589984976 238.6161320281812 1.0
-0.005216201609231752 0.9999863955278451 -114.18113888259991 30.12061932401623 114.33980963834532 1.0 16.36773336280214 114.26807083649432 1.0 43.873505285230316 114.41154844019631 1.0
-0.9893250787192678 -0.1457253876890177 598.1491733624619 560.00658025132 302.7654959214899 1.0 563.163095102765 281.3360157642737 1.0 556.8500653998749 324.19497607870613 1.0
0.9844172293971641 -0.17584856685799574 -223.77661699690074 239.80850981749342 69.9181804161494 1.0 240.66249238323635 74.6988571446725 1.0 238.95452725175045 65.13750368762629 1.0
-0.13460394376982496 -0.9908994794234225 307.8280033914977 401.3926437137988 256.1298858438222 1.0 415.14360374911445 254.26195323328963 1.0 387.64168367848316 257.99781845435473 1.0
0.9999390571388364 -0.01104001849160666 -231.6559796110582 234.50341524926216 256.624962293287 1.0 234.58628651812703 264.1309477692756 1.0 234.42054398039727 249.11897681729846 1.0
-0.8339073157782771 0.55190451048299 267.087270604959 495.2909320539747 264.42882473595773 1.0 490.7010824369427 257.49373161520117 1.0 499.8807816710067 271.36391785671424 1.0
-0.7683801678977412 -0.6399936855793494 701.1140678196039 560.4484560275375 422.6238401622487 1.0 565.9286090837985 416.04433630095156 1.0 554.9683029712766 429.20334402354587 1.0
-0.57790532321405 -0.8161038153328682 411.70486801955894 319.49389789704696 278.2337729885925 1.0 324.5926403559619 274.62321468296494 1.0 314.39515543813206 281.84433129422007 1.0
-0.9873964146212878 -0.15826661174431544 232.71901237137973 224.9469476930612 67.02110206532444 1.0 225.66194759038635 62.56034861080568 1.0 224.23194779573606 71.48185551984321 1.0
-0.0593801667659601 0.998235441063303 -139.8668136172535 325.7653324797397 159.49224685599262 1.0 311.32987743963497 158.63355191052875 1.0 340.2007875198444 160.35094180145646 1.0
-0.9922734615818789 -0.12407005053725001 582.0514337072092 577.1181853620928 75.70218707449419 1.0 581.8983959414693 37.47155786020177 1.0 572.3379747827165 113.9328162887866 1.0
0.24755746405483398 -0.9688732125467913 156.12899363530948 456.9908129514121 277.9109556328189 1.0 471.3842896506118 281.5886428105043 1.0 442.5973362522125 274.2332684551335 1.0
-0.09862862721584462 -0.995124310774045 41.911173530550386 351.3790327657226 7.290689030391137 1.0 358.86741806034945 6.548501191468905 1.0 343.89064747109575 8.03287686931337 1.0
-0.980778446533084 0.1951246750571301 431.03937811040765 512.194933658446 365.46056117382614 1.0 508.7031111884363 347.9091970692982 1.0 515.6867561284556 383.011925278354 1.0
-0.3734035486272265 -0.9276690087917104 313.8938490889449 242.52365154983664 240.74821391855738 1.0 246.40027869904824 239.18780140018976 1.0 238.64702440062504 242.30862643692498 1.0
0.9773223581829901 -0.2117569554834959 -327.57879307693383 422.2472596589322 401.8422642833627 1.0 426.8972799807968 423.3035136491135 1.0 417.59723933706766 380.3810149176119 1.0
-0.13675053922400973 -0.9906055168541829 250.85471067700223 163.90699553957796 230.60677208807022 1.0 230.27273188941257 221.4451531818288 1.0 97.54125918974339 239.76839099431166 1.0
-0.016199003551248946 -0.9998687875336176 159.09324807504672 266.3454172121624 154.79902927819285 1.0 273.843449154292 154.67755269289256 1.0 258.8473852700328 154.92050586349316 1.0
0.22627530659856115 -0.974063388914565 182.4249415506993 494.2454401442198 302.09582189736113 1.0 503.8292056093581 304.32213436703455 1.0 484.6616746790815 299.86950942768766 1.0
0.17878398254111522 0.9838883511795117 -281.510134441109 36.82790801368902 279.4279392048654 1.0 7.292445329580553 284.794877067814 1.0 66.36337069779748 274.0610013419168 1.0
0.15662887831946612 -0.9876575289422876 6.627368845112532 259.0855102131986 47.79758197073485 1.0 265.3755510423285 48.79509579590191 1.0 252.79546938406867 46.8000681455678 1.0
-0.9831549468932715 0.18277404191867153 24.281780601319404 48.14708373130799 126.13532373409461 1.0 45.97144525203114 114.43240514074114 1.0 50.322722210584836 137.83824232744809 1.0
0.979862174101157 0.19967503540942214 -295.46882750452767 239.22241182759768 305.81607175983714 1.0 237.23864249431983 315.5509919406957 1.0 241.20618116087553 296.08115157897856 1.0
0.009362329618897746 -0.9999561724316256 164.72198083420994 60.75072098979568 165.29799371782394 1.0 71.38649207349026 165.3975736768081 1.0 50.114949906101096 165.1984137588398 1.0
-0.15332963147636122 -0.9881750979008341 271.4899803888743 210.1075471179926 242.13752008845103 1.0 226.44899914603675 239.60190790537607 1.0 193.76609508994844 244.673132271526 1.0
0.9953857570342549 0.09595412806827675 -520.8593287457776 515.7608652921203 77.93629673771513 1.0 512.3834402777472 112.97221256997737 1.0 519.1382903064936 42.900380905452884 1.0
0.009216187156522547 -0.9999575300452995 108.68208985611604 180.7559662844654 110.35265734341041 1.0 187.63614220732958 110.41606902547659 1.0 173.87579036160116 110.28924566134422 1.0
-0.17279833702266886 -0.9849572248185199 72.71313447756118 226.37227767229393 34.10948262646141 1.0 235.07375781422203 32.58291755310201 1.0 217.6707975303658 35.63604769982081 1.0
-0.4903746553961491 0.8715117310427372 -238.78878985949058 269.86414958793796 425.8385928705893 1.0 240.54865740554993 409.34360621159493 1.0 299.17964177032604 442.3335795295837 1.0
-0.8983574291989941 -0.4392652153346249 593.0171422362201 530.0628900855247 265.96963043431305 1.0 535.9549310331099 253.91960103606988 1.0 524.1708491379395 278.0196598325562 1.0
0.5237436035906998 -0.8518759520598218 -129.36184492766014 537.543320870365 178.63285219302753 1.0 542.5660483743044 181.72088560494214 1.0 532.5205933664257 175.5448187811129 1.0
-0.2839265812376375 -0.9588460233357113 492.0412649321433 589.3574369510571 338.643551549638 1.0 597.5080504181967 336.2300505699253 1.0 581.2068234839176 341.05705252935076 1.0
0.9904792502788224 -0.13766210359827402 -257.110428624013 279.69618191424706 144.72273358831535 1.0 280.4986917134819 150.4967940124326 1.0 278.89367211501224 138.94867316419814 1.0
-0.09029750026127986 0.9959148364426369 -278.9665081549794 390.1153220131305 315.48174105797335 1.0 383.9162822540895 314.91968718169903 1.0 396.3143617721715 316.04379493424767 1.0
-0.9843589709653859 -0.17617439166906843 573.2414928466775 538.0840880352376 247.33216469572193 1.0 539.0983657968653 241.66497660867947 1.0 537.06981027361 252.99935278276442 1.0
-0.11096362660401742 0.9938244681888668 -137.8939045031931 106.89549462972958 150.68598233232325 1.0 98.6637652184698 149.76688386178452 1.0 115.12722404098936 151.60508080286195 1.0
0.1406843278146757 0.9900545035033843 -136.54349128416635 156.41951831476354 115.68829401579177 1.0 151.34437227482027 116.40945987753393 1.0 161.49466435470677 114.9671281540496 1.0
-0.999957487463155 -0.009220806167251143 228.6133487936234 227.65132899878782 105.38100603378066 1.0 227.75511179771243 94.12619978667274 1.0 227.5475461998632 116.63581228088857 1.0
-0.451588915166834 0.8922261213943704 -232.98603638269395 270.12926856229666 397.851409206446 1.0 232.22445772421864 378.66637080023946 1.0 308.0340794003747 417.0364476126526 1.0
0.21092054676488306 -0.9775032086660396 260.2500172782019 293.684925329631 329.60935519077987 1.0 310.58235732158886 333.2553949818204 1.0 276.78749333767325 325.9633153997394 1.0
-0.0976184939681755 -0.9952239092964885 64.8479611816998 372.6356392885303 28.608467913126788 1.0 382.7225060708591 27.619077751826705 1.0 362.5487725062015 29.597858074426874 1.0
-0.12956818718517868 -0.9915705143203617 182.7965567890303 174.11657970095897 161.59878181545378 1.0 184.02899804590865 160.30352942842958 1.0 164.20416135600928 162.89403420247794 1.0
-0.9962605474653266 0.08639977756966624 190.17588112011614 222.37101553036018 363.0054316666716 1.0 220.200435983889 337.9768629815177 1.0 224.54159507683136 388.0340003518255 1.0
-0.9984901356553469 0.05493131164433438 203.24172322562148 218.73156493547367 275.9735070056249 1.0 217.87267320460748 260.3613744132241 1.0 219.59045666633986 291.5856395980257 1.0
0.1586286630899553 0.9873383144830821 -278.236286616116 105.24868532188873 264.8948435759411 1.0 73.61037954411252 269.97794637296704 1.0 136.88699109966495 259.8117407789151 1.0
-0.9916280757757778 -0.12912691173116528 607.5992482446071 605.68212032725 54.11616090727395 1.0 611.8997734948475 6.367791773639183 1.0 599.4644671596524 101.86453004090872 1.0
0.9991825164604137 -0.04042646162892583 -210.59734724689048 221.53264974968585 266.01890877457356 1.0 221.76088413828438 271.6599617273632 1.0 221.3044153610873 260.3778558217839 1.0
-0.4081672262471695 -0.9129071778760927 441.18688837744986 567.4721600719895 229.55603363305002 1.0 574.3662154611575 226.47365293325345 1.0 560.5781046828216 232.6384143328466 1.0
-0.9977388324993582 -0.06721028286517972 240.49381977825095 220.30444608432686 307.8028847037409 1.0 221.1539680041071 295.1917042073815 1.0 219.4549241645466 320.41406520010037 1.0
0.5319818151400475 -0.8467557784628933 33.16005822204786 228.8393927676318 182.93167605340022 1.0 237.3653954458195 188.2882127266601 1.0 220.3133900894441 177.57513938014037 1.0
-0.4528614338481242 0.8915809114898214 -257.8297574467266 306.10246485235314 444.66155956809405 1.0 300.1248300665995 441.62533456012096 1.0 312.08009963810673 447.6977845760671 1.0
-0.18912709086257568 0.9819526177478519 -226.59013308770534 278.92758817801905 284.47696085561904 1.0 272.5529313274583 283.24918236243786 1.0 285.30224502857976 285.70473934880016 1.0
0.9962384477443018 0.08665422803316516 -610.5016808328121 602.38313404649 119.8376889240225 1.0 601.7802409712646 126.76897519880764 1.0 602.9860271217154 112.90640264923736 1.0
-0.5103165043841108 0.8599866657996402 -32.29620177513281 256.6767837865533 189.86643319849395 1.0 248.7324313966367 185.15225063910725 1.0 264.62113617646986 194.58061575788065 1.0
-0.13422149760321742 -0.9909513558097338 78.82661342305984 400.0386286600436 25.362324232993984 1.0 411.3353433710104 23.832216869385523 1.0 388.74191394907683 26.892431596602442 1.0
-0.11849142322706115 -0.9929550758325503 325.9529184823633 413.1560547113488 278.9627408999221 1.0 421.38758418290445 277.9804551287332 1.0 404.92452523979324 279.945026671111 1.0
-0.9983832583518765 0.05684073752767808 183.26601915540553 189.0673511388458 96.68521489323905 1.0 188.35395204279234 84.15466471034767 1.0 189.78075023489924 109.21576507613042 1.0
0.9538096096220499 0.30041176507026635 -589.843570173347 543.588289989995 237.5533977045834 1.0 541.3927394734866 244.5242870789279 1.0 545.7838405065035 230.58250833023888 1.0
0.11425630994883813 -0.9934513051160963 292.94002021987336 267.5937341300838 325.64685473859356 1.0 276.371392317202 326.65636857111616 1.0 258.81607594296565 324.63734090607096 1.0
0.46825533564871735 -0.8835931986137665 242.5074935043955 274.45648559178875 419.90274242516716 1.0 310.77455226711726 439.14930128036053 1.0 238.13841891646024 400.65618356997373 1.0
-0.995413159238493 0.09566944347513764 207.56510380516403 218.2288928535932 101.0020286138789 1.0 217.68750019786543 95.36899308810479 1.0 218.77028550932096 106.63506413965302 1.0
-0.991972923652045 -0.12645045963227694 384.30336478236205 384.9876136972512 19.027815796579397 1.0 385.8015658707571 12.642560103452158 1.0 384.17366152374535 25.413071489706635 1.0
0.8938876007479571 0.44829115229843713 -622.0210042606625 573.1433391922762 244.6965088268821 1.0 570.510959180679 249.94544546272502 1.0 575.7757192038735 239.44757219103917 1.0
-0.08068108436941743 -0.9967399674062313 130.07243639169053 144.47396994913095 118.80342286382745 1.0 151.40474014393348 118.24241189495154 1.0 137.54319975432838 119.36443383270336 1.0
0.9946733898295576 0.10307690121931776 -430.14067085005854 429.1637673974817 31.654924645426263 1.0 428.3815274574084 39.203398102125114 1.0 429.94600733755505 24.10645118872741 1.0
0.9988234891338251 -0.048493685718159964 -351.3568156008652 352.6399612591577 17.904617872723396 1.0 353.0681911128097 26.724859729814938 1.0 352.2117314055057 9.084376015631856 1.0
-0.9804732780926012 0.19665236064270475 60.55262622932597 90.71681203454914 144.38058994819437 1.0 88.81251555077075 134.88611040160637 1.0 92.62110851832752 153.87506949478234 1.0
-0.3572954976811666 0.9339913957509286 -147.56494855951723 288.3290744932765 268.2932946347688 1.0 282.7964544259295 266.1768080702923 1.0 293.86169456062345 270.4097811992454 1.0
0.257562226676263 0.9662617137140256 -370.0606960854678 550.2103848912807 236.3203270620806 1.0 545.0754404220775 237.68907396840618 1.0 555.3453293604839 234.95158015575498 1.0
-0.9999911968779698 0.0041959702770323825 155.37841204894076 155.7878409115172 97.24984121926225 1.0 155.71702353256083 80.37251586498593 1.0 155.85865829047358 114.12716657353857 1.0
0.9604531474379974 0.27844164842286845 -629.4458833315829 591.4675156439016 220.40182089018248 1.0 589.1710528934482 228.32321084438004 1.0 593.763978394355 212.48043093598494 1.0
0.9999594499480007 0.009005468321639726 -252.0527174775263 251.68241724396762 42.252768548516855 1.0 251.5979944019417 51.627008250457244 1.0 251.76684008599352 32.87852884657647 1.0
0.164135575842311 -0.9864377895959344 173.94848481229369 479.0739672262381 256.054227603643 1.0 482.8241338581665 256.6782261630335 1.0 475.3238005943097 255.43022904425257 1.0
-0.8289644925132906 -0.5593012338196498 698.6746189471278 540.8680912337745 447.5480493247159 1.0 543.5843003159576 443.5222386394886 1.0 538.1518821515913 451.57386000994325 1.0
-0.9905811236611418 -0.136927124581763 607.5240413297255 596.4864029116977 121.6403991228022 1.0 598.5912731760394 106.41299434101605 1.0 594.3815326473559 136.86780390458836 1.0
0.9821794965694003 -0.18794530193298123 -240.72742693644508 331.36858879062606 450.8546151957553 1.0 335.4678714414658 472.27697227990893 1.0 327.2693061397864 429.43225811160164 1.0
-0.26939466895195346 0.9630298605652202 90.43607154666273 398.92764826514343 17.686793412106617 1.0 387.52121833702364 14.495997840507226 1.0 410.3340781932632 20.877588983706012 1.0
0.13702307916576856 0.9905678552102989 -245.8760869673337 305.2111939120821 205.99811341376335 1.0 296.6254779990427 207.18575666814436 1.0 313.7969098251215 204.8104701593823 1.0
0.9999999895283345 0.00014471810837626907 -327.6523131421528 327.59374194507336 404.74981457875595 1.0 327.5900335697642 430.37463314444955 1.0 327.5974503203825 379.1249960130624 1.0
0.1247542365518355 0.9921876740125172 -279.6951556896397 562.1062647638482 211.22013834388486 1.0 553.952994652857 212.2453022465809 1.0 570.2595348748393 210.19497444118878 1.0
-0.9922754643118128 -0.1240540322793917 606.4696777538433 590.7308753079407 163.65388372551274 1.0 592.2022559829661 151.88469802744459 1.0 589.2594946329152 175.42306942358087 1.0
0.2295657149777409 0.9732931637008237 -349.1543166449665 501.25841593458205 240.50571681020085 1.0 494.91885340452495 242.00099722430022 1.0 507.59797846463914 239.01043639610148 1.0
0.1305546167459486 0.9914411187994568 -216.7101781254062 103.28039897305109 204.98085198059894 1.0 81.21195976763958 207.88686078738775 1.0 125.34883817846261 202.07484317381014 1.0
0.9940216935654662 -0.10918274919254559 -210.825931397068 235.32865977721673 211.53398050494522 1.0 236.02932404644724 217.9129688403009 1.0 234.62799550798624 205.15499216958955 1.0
0.9412358083623433 0.3377501340584281 -476.6723638700208 428.79074247539006 216.37049223277455 1.0 423.6353161418708 230.73753870637583 1.0 433.9461688089093 202.00344575917327 1.0
0.10121630794840965 0.994864442527369 -240.53213525129263 566.9962624020154 184.08826280407996 1.0 555.1170480691003 185.2968397364819 1.0 578.8754767349304 182.87968587167802 1.0
-0.14075143948549515 0.9900449647782473 -255.3770352728122 252.40068067052127 293.8278611107969 1.0 242.51169643897623 292.42197671649456 1.0 262.2896649020663 295.2337455050992 1.0
-0.1632723800168464 0.9865810305918286 -251.28929642486924 275.3526226646489 300.2761712269036 1.0 264.60815895184976 298.49803632668056 1.0 286.097086377448 302.05430612712667 1.0
-0.32681608776081394 -0.9450879561081688 419.50713706505405 379.06487280013096 312.79907485682776 1.0 387.84551478072825 309.76268544822256 1.0 370.2842308195336 315.83546426543296 1.0
-0.1870483479368709 -0.9823507090311928 277.79297561239156 30.80582907376074 276.91820617261976 1.0 54.040488131581 272.49411958960314 1.0 7.571170015940483 281.3422927556363 1.0
0.9962262215122971 -0.0867946747867135 -75.0551282594369 88.60132261126094 152.2193915587332 1.0 89.52474419941343 162.81839203760666 1.0 87.67790102310845 141.62039107985973 1.0
0.029807008947827937 0.9995556723952819 -266.49966874821973 196.34929337959016 260.7629477795407 1.0 187.56982517909765 261.0247537943894 1.0 205.1287615800827 260.50114176469197 1.0
0.029857905670543684 -0.9995541533448645 189.26235134909118 308.2110654694137 198.55341264338747 1.0 321.38032321673734 198.94679448693728 1.0 295.04180772209 198.16003079983767 1.0
-0.3996054557424327 0.9166872311431432 -187.2818386531603 156.45590257884987 272.50567305847846 1.0 135.9191551449197 263.5532233689928 1.0 176.99265001278005 281.4581227479641 1.0
0.99733972761496 -0.07289353689400266 -177.90089584405843 185.47800386552075 97.17851968203021 1.0 185.9877765065839 104.15330137938157 1.0 184.96823122445758 90.20373798467885 1.0
0.5978523510566325 -0.8016062414527828 33.04772171575362 290.6548916925191 258.00252214281 1.0 294.0651993903321 260.5459909552146 1.0 287.24458399470603 255.45905333040534 1.0
-0.9836592847346765 -0.1800400276473666 110.50802925687054 83.37122668882557 158.29339962392947 1.0 84.1662896421317 153.94952639647173 1.0 82.57616373551944 162.6372728513872 1.0
-0.037824972606550045 -0.9992843796674268 212.46373459195715 206.35342374280768 204.80498460281171 1.0 226.37205655211278 204.04723810637938 1.0 186.33479093350257 205.56273109924405 1.0
-0.07623620082421538 -0.9970897861696758 160.1761092130542 433.17534476135376 127.52358754589784 1.0 438.815161456562 127.09237442532286 1.0 427.5355280661455 127.9548006664728 1.0
0.9946946118893178 0.10287190616664554 -377.1414160184067 349.496707775897 286.7539352569184 1.0 348.7226476518824 294.2385193705674 1.0 350.27076789991156 279.2693511432694 1.0
0.9997699721061202 0.021447677611514285 -362.058113092678 361.66367460953666 22.269600707176558 1.0 361.5159682424139 29.15483990244106 1.0 361.8113809766594 15.384361511912056 1.0
0.9993887621793115 -0.03495857591069181 -212.51500478099993 217.46879888076586 137.90232638154617 1.0 217.9936208131385 152.90583060604246 1.0 216.94397694839324 122.89882215704988 1.0
-0.997315546489601 -0.07322363505145255 533.3923052719729 510.4423853224784 332.13563879396133 1.0 511.67806818505784 315.305475575278 1.0 509.20670245989896 348.96580201264464 1.0
-0.7959207952398742 0.6054007661910631 167.17268612946387 552.3113684090847 449.9885574124678 1.0 546.7079543284791 442.6217451450277 1.0 557.9147824896904 457.35536967990794 1.0
0.06875781388787443 0.9976333810721052 -95.59738695845955 180.1188116875892 83.41021141184618 1.0 172.52565317047382 83.93353890874677 1.0 187.71197020470453 82.88688391494557 1.0
0.10903648245330116 0.9940377485257846 -54.90170086364772 373.8853478662322 14.219336954202415 1.0 363.8687544368838 15.318061942585159 1.0 383.9019412955807 13.12061196581967 1.0
0.9965072004642773 -0.08350688248790439 -162.1357313346183 170.90046195246686 97.81001661592778 1.0 171.84534981073003 109.08558488453014 1.0 169.95557409420368 86.53444834732542 1.0
0.15880208953666133 0.9873104356577977 -274.35231591079963 171.87668019841286 250.23329140450562 1.0 151.08586063512112 253.5773516621395 1.0 192.6674997617046 246.88923114687177 1.0
0.031172521016526112 0.9995140188779116 -300.875561126245 213.88205987124223 294.35136732763317 1.0 210.09675712929197 294.4694221293155 1.0 217.6673626131925 294.2333125259508 1.0
0.1189671029612796 -0.9928981963993088 159.64447891716026 340.82508501282575 201.62334126867324 1.0 361.37965501502094 204.08614929334666 1.0 320.27051501063056 199.16053324399982 1.0
-0.9966204466848236 -0.08214429529640314 495.843127027944 485.232500259071 149.13386047748162 1.0 486.9890365129522 127.82258207836136 1.0 483.4759640051898 170.44513887660185 1.0
-0.14848348967216846 0.9889148867798355 -210.85962756866655 386.9514750380998 271.32318109784126 1.0 378.546742438274 270.0612281806926 1.0 395.35620763792554 272.58513401498993 1.0
-0.903290304109822 -0.42902986667735044 627.6333806921758 580.0899327136785 241.5770486163749 1.0 585.6122857562597 229.95014721236058 1.0 574.5675796710973 253.20395002038921 1.0
-0.9741982673654991 0.22569389859289465 202.05050818251516 313.9745196375311 460.0165334223621 1.0 311.23621186392654 448.1967425233136 1.0 316.7128274111357 471.8363243214106 1.0
0.252181201477965 0.9676800305995417 -329.84643442916376 388.8190617630986 239.53535150725278 1.0 368.71829617138513 244.77368965339045 1.0 408.91982735481207 234.29701336111512 1.0
0.9960386236821889 0.08892165165633653 -542.1638883468413 514.999191676877 328.4329713581561 1.0 513.831776395445 341.5095470686138 1.0 516.1666069583089 315.3563956476985 1.0
-0.36861580688542733 0.9295818344364338 -196.59693145501592 194.03173851129276 288.4308700699688 1.0 178.6023718271949 282.31251852812966 1.0 209.4611051953906 294.54922161180804 1.0
0.2477101139868453 -0.968834196046271 -13.693628117310807 218.53973708137758 41.74179155815111 1.0 224.11957292708482 43.16843584776081 1.0 212.95990123567034 40.315147268541395 1.0
0.2228710815165522 -0.9748479271269146 120.16751463395737 465.47877269096307 229.686360196198 1.0 482.194520220215 233.50793751768003 1.0 448.7630251617112 225.86478287471593 1.0
0.1302284339906075 -0.9914840165027139 13.135431210055192 232.747296099143 43.81890819565805 1.0 237.90459776928702 44.496304209049214 1.0 227.58999442899898 43.14151218226688 1.0
-0.758193199208207 0.6520299630188968 51.86276240397012 211.5601261450636 166.46579546790218 1.0 208.64340089972416 163.07417028132903 1.0 214.47685139040306 169.85742065447536 1.0
0.9987687444716459 0.04960841729517443 -436.51315054415653 419.8043042124895 347.2340711770971 1.0 418.21883036887726 379.1544953009942 1.0 421.38977805610176 315.3136470532 1.0
-0.9995220787143527 0.03091300960015365 198.95362249622636 207.6047694014888 276.6449555568715 1.0 207.13950409071109 261.6013555775317 1.0 208.07003471226648 291.68855553621125 1.0
0.4387456416004694 0.8986112963771334 -483.834856594875 341.17756802263375 371.84563221077207 1.0 326.84731152548125 378.84235883382996 1.0 355.5078245197862 364.84890558771417 1.0
-0.9998672702735428 0.01629238582080748 215.82688527369402 216.82918035298323 59.75278342903874 1.0 216.6559308288814 49.12042235895786 1.0 217.00242987708506 70.38514449911963 1.0
0.6969570515319778 -0.7171128700001499 -124.08200297561129 289.89578692211 108.71776702201527 1.0 294.66268632450016 113.35068366795235 1.0 285.1288875197198 104.0848503760782 1.0
-0.0412065586437584 -0.9991506490638629 194.8734697889752 196.3107851200906 186.94295808597636 1.0 207.51595061485978 186.48083927585915 1.0 185.10561962532142 187.40507689609356 1.0
-0.9811622846349074 0.19318532866138927 329.8850106013781 415.45502573342924 402.43113775247036 1.0 410.9318186777591 379.45837786759927 1.0 419.9782327890993 425.4038976373415 1.0
0.4464342818248399 -0.8948164236375746 165.89243602049848 381.008345475253 375.4821818492883 1.0 402.7680201546799 386.33833567217187 1.0 359.2486707958261 364.62602802640464 1.0
-0.3213178030914415 -0.9469714195351883 172.74418734566618 41.71839019152735 168.2620220354942 1.0 49.39492288751175 165.657290181555 1.0 34.041857495542956 170.8667538894334 1.0
0.08991310445721705 0.9959496140100992 -41.738630571399824 375.0840360879796 8.046250876206953 1.0 353.83792464483633 9.96432364878965 1.0 396.3301475311229 6.128178103624257 1.0
0.022767031935571884 -0.9997407975354635 268.4042868352199 256.3707371345606 274.3121899906071 1.0 261.3965968591758 274.42664356611 1.0 251.3448774099454 274.19773641510426 1.0
0.22734278976303418 -0.9738147955041353 171.6317229174586 279.3898144658159 241.47197583680057 1.0 294.8990833784291 245.0927058545174 1.0 263.88054555320264 237.85124581908374 1.0
0.9208784312599971 0.3898498619213901 -392.7650780153053 349.34397956080136 182.27976738788394 1.0 345.08901101564487 192.33058218005246 1.0 353.5989481059579 172.2289525957154 1.0
-0.9999210181844889 -0.012568110156059681 338.3330103637239 337.32597315839826 82.24624150086204 1.0 338.2767563131131 6.601769234939962 1.0 336.37519000368343 157.89071376678413 1.0
0.40955146124921316 -0.9122870165625697 163.60462646295503 393.5299770303212 356.0013435517511 1.0 401.6932580877735 359.6660714553278 1.0 385.36669597286897 352.3366156481744 1.0
-0.15751036973366495 0.9875173332283157 -117.62941053581541 28.937699605545475 123.73190240669595 1.0 22.45389853344271 122.69772723854189 1.0 35.42150067764824 124.76607757485 1.0
-0.17381244427662979 -0.9847787742506352 65.7164173002083 216.38222270724168 28.540922091705447 1.0 236.3129036597341 25.0231773321411 1.0 196.45154175474926 32.0586668512698 1.0
0.20111451119818116 0.9795677380281145 -315.2767140764783 363.25477539494295 247.27325949925063 1.0 357.7341617278875 248.40669364174173 1.0 368.7753890619984 246.1398253567595 1.0
-0.9999921603867301 -0.003959692548705679 515.4505517640353 514.2676496260294 299.754029611232 1.0 514.304800851085 290.3717522380804 1.0 514.2304984009738 309.13630698438357 1.0
0.2224864932939042 0.9749357723982546 -353.53646432611146 405.4041760042885 270.1095993148562 1.0 395.9509656484901 272.2668815502362 1.0 414.8573863600869 267.95231707947624 1.0
0.9980500763317797 0.062418307683954385 -497.7774527212689 491.84769202458017 110.36547462016394 1.0 488.0928510222101 170.40425952289078 1.0 495.60253302695025 50.32668971743709 1.0
-0.993789736205997 -0.11127425673359885 546.1617403863258 541.6218074024459 71.02763493047169 1.0 543.2423960077584 56.55416757289915 1.0 540.0012187971336 85.50110228804422 1.0
-0.25689808361170785 0.9664385001833444 -141.4133737125613 183.33425600483065 195.05803287515738 1.0 177.4597965259354 193.49648769447953 1.0 189.20871548372588 196.6195780558352 1.0
-0.23512852750938135 0.9719642871789426 -161.90226283172987 371.28088693413054 256.3890405811279 1.0 352.5676413166363 251.86210688098805 1.0 389.9941325516248 260.91597428126784 1.0
0.9960611544336391 0.0886689157953684 -607.9803132131426 595.769085888872 164.1823362360244 1.0 594.9864611200784 172.97394176881346 1.0 596.5517106576657 155.3907307032354 1.0
-0.9892633813608946 0.14614363584641368 267.42017033244974 309.97753724518634 268.42945354030223 1.0 309.1509566898397 262.8342329861297 1.0 310.80411780053294 274.02467409447485 1.0
-0.993896661981652 -0.11031511819206592 308.3037249504181 281.09264582492204 262.21866079202476 1.0 281.5875406028995 257.75984974304833 1.0 280.5977510469446 266.6774718410012 1.0
-0.32509470022816583 0.9456814663952969 -241.71427380688215 523.6037337759658 435.59600913754036 1.0 511.44658156070295 431.41677342711245 1.0 535.7608859912285 439.7752448479682 1.0
-0.9767840454276292 -0.21422634898171375 620.8178734869051 588.0147379396528 216.8475503221543 1.0 590.7164481782186 204.52886278001307 1.0 585.3130277010872 229.16623786429548 1.0
-0.9942049301152023 0.10750142759343109 162.30029891500226 173.76308287265897 97.26210137930005 1.0 173.0138478374995 90.33295464659085 1.0 174.51231790781847 104.19124811200926 1.0
0.42524060144600756 0.905080344987028 -481.0326428211673 369.22882684985876 358.003083610189 1.0 357.8482268822298 363.35011517689514 1.0 380.6094268174877 352.6560520434828 1.0
-0.8375695492308933 -0.5463307150446132 618.8184211716099 568.8676203245577 260.5605376455818 1.0 573.5059376243385 253.44961888706018 1.0 564.2293030247769 267.67145640410337 1.0
0.0508886308103123 0.9987043342522609 -208.06700879753575 130.68899361566883 201.6777317796051 1.0 126.26179497623845 201.90331814121288 1.0 135.1161922550992 201.45214541799731 1.0
-0.003144955838763064 0.9999950546141576 -123.50847815557326 467.6242774304619 124.97975393033123 1.0 456.37242311368965 124.9443671703996 1.0 478.87613174723424 125.01514069026285 1.0
-0.175876915128089 0.9844121650635097 -149.86961271296892 327.2743887542447 210.7142007881568 1.0 313.0194173348113 208.16738098293095 1.0 341.52936017367807 213.26102059338268 1.0
0.9932424018378623 0.11605830944553014 -626.1417824654136 624.8755920282166 47.29388714754363 1.0 620.1168182829216 88.02010388429628 1.0 629.6343657735116 6.567670410790977 1.0
0.07346704347187691 0.9972976454015628 -263.6488090443669 418.29962911395484 233.5487034206293 1.0 408.97522979967204 234.23559569690227 1.0 427.62402842823764 232.86181114435632 1.0
0.991912111424387 0.12692660560187793 -612.8265843768366 612.5878899528213 40.915275375857036 1.0 608.1895933295812 75.28729430396992 1.0 616.9861865760614 6.5432564477441515 1.0
0.05377439424536869 -0.9985531105171841 102.34797622901056 468.2587191240208 127.71309192954791 1.0 480.16650109478775 128.3543535264922 1.0 456.3509371532538 127.07183033260365 1.0
0.9926711807846247 0.12084670802160405 -612.4853157288037 606.5170729928701 86.16946944947185 1.0 605.3741832935792 95.55750894078221 1.0 607.659962692161 76.78142995816147 1.0
0.27046802676532283 -0.9627289579615191 191.28060352869895 191.06899302245972 252.36454667569225 1.0 194.4536164207081 253.3154190934144 1.0 187.6843696242113 251.41367425797011 1.0
-0.9999626909041863 0.008638101623551121 303.8709427494366 307.2706352689156 392.24226312287357 1.0 307.1462806488495 377.84674129100915 1.0 307.39498988898174 406.637784954738 1.0
0.44719066885242553 -0.8944386539563909 228.7185120415707 271.21873469690786 391.3124705286432 1.0 308.4691928550358 409.9365060900633 1.0 233.96827653877983 372.6884349672231 1.0
-0.9997711328651648 0.021393501104427032 217.78466088690467 220.7978861311484 138.48560131442423 1.0 220.49042493664348 124.11718049158586 1.0 221.10534732565333 152.85402213726258 1.0
-0.7980737670935147 -0.6025597582623371 586.6712622265263 520.0407506100526 284.8520482682085 1.0 524.3342081485017 279.1654822727503 1.0 515.7472930716035 290.5386142636667 1.0
-0.9379208103809876 -0.3468494680034431 577.8395572883309 523.2095099333981 251.1477680331746 1.0 526.4319883364052 242.43381620680572 1.0 519.9870315303909 259.8617198595435 1.0
0.08433451826709813 0.9964374988069531 -312.261018130927 237.50027561088982 293.2763441248161 1.0 230.10613924095313 293.90215450379765 1.0 244.8944119808265 292.6505337458345 1.0
-0.24676943286615527 0.969074221617166 -170.2164925459308 458.0791577515474 292.2959048888897 1.0 438.68831186049755 287.35813238747676 1.0 477.47000364259736 297.23367739030266 1.0
0.015055828532952674 0.999886654590002 -358.6161657104302 540.1178322296282 350.52397452439783 1.0 521.3626736153535 350.80638098607886 1.0 558.8729908439028 350.2415680627168 1.0
-0.9910392458234728 0.1335710044794235 248.76339901775467 308.61298429590863 427.3695508443119 1.0 307.1730571284419 416.68591228331843 1.0 310.05291146337544 438.05318940530543 1.0
0.42797181936220974 0.9037920788720158 -481.1343664815725 398.0847969869485 343.84600055632785 1.0 384.4357606847612 350.30921597427925 1.0 411.7338332891359 337.38278513837645 1.0
-0.9569738887544786 -0.2901740447423419 336.7177308712755 225.4936481366895 416.7367816506458 1.0 227.78681795739004 409.17406651243004 1.0 223.20047831598896 424.2994967888616 1.0
-0.09451954319499412 0.9955230062405438 -218.95133752020584 274.50016138341874 245.99830023611247 1.0 258.83832354702804 244.51129315680842 1.0 290.16199921980945 247.4853073154165 1.0
0.44881812285040307 0.8936231267156421 -451.57456994306915 399.72602050857824 304.56943159501895 1.0 391.23457199481334 308.834222722612 1.0 408.2174690223432 300.30464046742594 1.0
0.9838364189323388 0.17906954174954423 -557.7631096410189 553.2890838332348 74.92708495865105 1.0 551.4672089023206 84.93675433212974 1.0 555.1109587641491 64.91741558517236 1.0
-0.12173762562540688 -0.9925623156795186 421.02689021222676 558.215265373263 355.716798472361 1.0 563.832422707113 355.02785493119995 1.0 552.5981080394131 356.405742013522 1.0
-0.010492394730286007 -0.9999449533113429 240.65764704238617 83.2636116138782 239.7972124051562 1.0 96.39372406379569 239.65943849848125 1.0 70.13349916396069 239.9349863118311 1.0
0.9993990330107327 0.03466371037861322 -240.57032140175554 232.81101648811622 227.88145189904805 1.0 232.5063893340564 236.66424173518863 1.0 233.11564364217605 219.09866206290744 1.0
0.163096031822896 0.986610198813911 -66.88964704944938 242.08730195105204 27.77811214547433 1.0 206.50480702202108 33.66023634433219 1.0 277.669796880083 21.89598794661647 1.0
0.9910452422858627 0.13352650576779057 -540.6133826833515 535.8461890208374 71.63795983603738 1.0 533.993210417742 85.39092684506515 1.0 537.6991676239328 57.884992827009604 1.0
-0.4067178746496508 -0.9135538136532905 457.8196078087923 381.5056646430367 331.2934938206458 1.0 400.17296449571614 322.98273597796555 1.0 362.8383647903573 339.604251663326 1.0
-0.5748679215790871 -0.8182462176749372 465.27765031239704 488.18748444986375 225.64641522013193 1.0 493.29905694791574 222.05522348043075 1.0 483.07591195181175 229.23760695983313 1.0
0.03157019235770922 -0.9995015372446894 210.9575680572263 264.49077804414577 219.4169639813482 1.0 287.6321729572093 220.1479066178599 1.0 241.34938313108225 218.6860213448365 1.0
-0.990943644886387 0.13427841471838362 102.44956374846153 129.08275979106034 189.63715638355234 1.0 127.99035908174966 181.5754917978399 1.0 130.17516050037102 197.69882096926477 1.0
0.06093694253797599 0.9981416177247211 -205.4178392323864 162.65522779406143 195.87012853792953 1.0 153.86168964200778 196.40697753767233 1.0 171.44876594611506 195.3332795381867 1.0
0.23984721398411102 -0.9708106478320374 130.24358959359876 579.4813403698143 277.32552711314815 1.0 592.2740287985719 280.4860720513976 1.0 566.6886519410568 274.1649821748986 1.0
0.9730815645200802 -0.23046099190785582 -192.49022540172345 221.7496049595889 101.05930262321884 1.0 222.83031633730096 105.62241896456982 1.0 220.66889358187686 96.49618628186786 1.0
0.9825112517904219 0.1862032225962229 -323.9506694062915 295.8833183821428 178.52526618635773 1.0 293.3737932644834 191.76690953910307 1.0 298.3928434998022 165.28362283361238 1.0
0.9170715070613007 0.3987227745392965 -514.7346780313825 433.2782128188611 294.4090027473272 1.0 429.68126185373916 302.68207229100045 1.0 436.875163783983 286.1359332036539 1.0
-0.9986210230239536 -0.0524981178195211 492.86666218689743 487.41333530523974 116.6795859219202 1.0 487.9410376119456 106.64161429051141 1.0 486.8856329985339 126.71755755332896 1.0
-0.04415334110687142 0.999024765693574 -189.42026515666495 278.32045140217554 201.90594859218234 1.0 268.9361592032441 201.4911962569704 1.0 287.70474360110705 202.32070092739428 1.0
-0.9957837926472666 -0.09173133761711749 534.4332291943548 529.9111539895391 73.65302506284355 1.0 531.0116483152677 61.7066778065239 1.0 528.8106596638106 85.59937231916321 1.0
0.9768570628645443 0.21389314793058606 -488.6259788852388 445.20903637353337 251.15525098573542 1.0 443.42559246384513 259.30029815651756 1.0 446.9924802832216 243.0102038149533 1.0
-0.9919586707094784 -0.12656222028822325 566.3084723931172 544.1134071964957 209.93990319359446 1.0 545.310409301618 200.5581412876357 1.0 542.9164050913733 219.32166509955323 1.0
-0.9962552626259494 -0.08646069448079151 356.0793676783727 342.7346415260114 169.18875636738517 1.0 343.1699982927516 164.17229804965643 1.0 342.29928475927113 174.2052146851139 1.0
-0.9932309235542273 0.11615650001449221 147.3070759349887 174.22484912277793 221.58408579901075 1.0 173.61426715260777 216.3631218920233 1.0 174.83543109294806 226.80504970599821 1.0
-0.9932418960466758 0.1160626379917509 178.63201104881142 226.40416327237944 398.42355949203125 1.0 225.28133402302032 388.81460115826155 1.0 227.52699252173858 408.0325178258009 1.0
-0.2668882151512306 0.9637274929218272 -247.88200151175474 261.83455525521833 329.7224173457422 1.0 249.0014212959724 326.1684954722509 1.0 274.66768921446425 333.2763392192335 1.0
-0.7349122148675334 -0.6781622493463465 686.0933337176309 588.3209202165033 374.1421812154457 1.0 618.0042136571834 341.9749307557226 1.0 558.6376267758233 406.3094316751688 1.0
0.779786130899239 0.6260459967583811 -700.2361616096756 613.4501203902007 354.40888829221376 1.0 609.8445732405861 358.8998612816279 1.0 617.0556675398153 349.9179153027996 1.0
-0.9694226874074247 0.24539692976841962 294.9808555623546 407.16814497239994 406.43206847619075 1.0 403.8199710394444 393.2053513568841 1.0 410.5163189053555 419.6587855954974 1.0
-0.7069454364687228 -0.7072680890977954 472.9286493343034 424.3063275235241 244.5568096354878 1.0 433.0584660054991 235.8086638410591 1.0 415.5541890415491 253.30495542991656 1.0
-0.6671126510658747 0.7449568516282407 -95.76837259193792 79.5008690883885 199.74902949921778 1.0 72.81756894977725 193.764100219632 1.0 86.18416922699976 205.73395877880353 1.0
0.8573695457385361 -0.5147013328524576 -185.3666055124485 351.02724064809627 224.5835651974049 1.0 354.3373597366269 230.0974333732379 1.0 347.7171215595656 219.06969702157193 1.0
-0.5201307581740028 0.8540866433807153 -189.63771570730907 60.791372344609755 259.05706406969546 1.0 45.506426015119736 249.74867506183372 1.0 76.07631867409978 268.3654530775572 1.0
-0.9976326280756563 -0.06876873852892292 348.2661222105094 332.7807968381495 236.63573937612384 1.0 333.9074661685526 220.29107304798515 1.0 331.65412750774647 252.98040570426252 1.0
0.03599790692223152 0.9993518653093206 -151.54545790309618 48.85730787312841 149.88384199938065 1.0 38.825298146868775 150.24520756530876 1.0 58.88931759938805 149.52247643345254 1.0
-0.5186065447753047 0.8550130126005218 -104.87169764302324 394.4584305379059 361.9131133695986 1.0 387.8670377895275 357.915116417369 1.0 401.0498232862842 365.9111103218281 1.0
-0.41179288395186564 -0.9112774663770663 472.75807656233064 531.4870671109497 278.61490466015493 1.0 538.3689300533194 275.50509201520225 1.0 524.6052041685801 281.7247173051077 1.0
-0.07035476946745498 0.9975220330464792 -107.67738376600074 264.4140338310349 126.59386758052622 1.0 257.5730636619443 126.11137710589459 1.0 271.2550040001255 127.07635805515785 1.0
-0.9982302826674692 -0.059466820712265556 333.77071440344037 320.52757645207714 232.23674972952017 1.0 321.31332777365503 219.04686073847722 1.0 319.74182513049925 245.4266387205631 1.0
0.22102691647046227 -0.9752677079630798 181.1954769721971 365.1164793548172 268.5375968240901 1.0 377.6794444267127 271.3847673075326 1.0 352.5535142829218 265.6904263406475 1.0
-0.7371588430964919 0.6757194980497764 -57.65815707145696 93.32007261433122 187.1336763294096 1.0 87.3531385925515 180.6242028081879 1.0 99.28700663611096 193.64314985063132 1.0
-0.68234747302154 0.7310279926658889 -27.571150040158635 413.58844716001147 423.7624071015299 1.0 409.37988209535564 419.8340982464309 1.0 417.79701222466724 427.6907159566288 1.0
-0.12509202886057888 -0.9921451427666943 81.92208492712037 403.87799615812344 31.64876349441488 1.0 410.1853328711367 30.853519419603966 1.0 397.5706594451102 32.444007569225796 1.0
-0.08315352908548682 -0.9965367482439517 401.0914335920306 546.1901633773484 356.90986266404707 1.0 552.5005296279522 356.38330985554876 1.0 539.8797971267447 357.43641547254543 1.0
-0.9620806482007079 0.2727651487226798 83.21314437454717 135.59489635785422 173.18957948749454 1.0 133.97927065855407 167.4910427524635 1.0 137.21052205715435 178.8881162225256 1.0
0.8873713480443116 0.46105540954425533 -401.0398732846192 234.37680091316383 418.73625493046154 1.0 229.9997911706102 427.16047673818787 1.0 238.75381065571747 410.3120331227352 1.0
0.9989856158073813 -0.04503042760120238 -278.9079592101754 285.8284702776575 147.24646286182605 1.0 286.085311504692 152.9444032328587 1.0 285.5716290506231 141.54852249079337 1.0
-0.40686013299866763 -0.9134904663850119 476.5020294117326 532.7278022903331 284.35581374783453 1.0 545.0169269557691 278.8823522506358 1.0 520.4386776248972 289.8292752450333 1.0
-0.6473411503690005 0.7622003903429458 26.995923008672072 577.4218116115176 454.98924057496754 1.0 572.3584233472766 450.68887596578134 1.0 582.4851998757587 459.2896051841537 1.0
0.12757309144499718 0.9918291719541054 -246.12331531064476 133.86631596852624 230.93248516871148 1.0 126.25113258288587 231.91198094671194 1.0 141.48149935416657 229.95298939071105 1.0
0.2761591829825402 0.9611119110979823 -389.6333476548442 378.2738369732318 296.70795939555654 1.0 346.1755498042612 305.93085701795235 1.0 410.3721241422024 287.48506177316074 1.0
-0.028008249206868438 0.9996076920354134 -191.88013516443408 371.33689330331356 202.36001885889038 1.0 363.8252784801485 202.14954911001837 1.0 378.8485081264786 202.57048860776237 1.0
-0.9913058648889381 -0.13157766617779162 629.2555206799896 625.0204008025646 73.48611637561112 1.0 627.590835681459 54.12046531352291 1.0 622.4499659236703 92.85176743769934 1.0
0.1434286327496847 0.9896606627059378 -246.0235010436339 104.92745939517638 233.38696556166536 1.0 96.0913142642264 234.6675622981717 1.0 113.76360452612636 232.106368825159 1.0
0.09644113444102208 0.9953386898878837 -67.8526952733859 400.15151620176647 29.39866539889916 1.0 390.1245356353819 30.37020743847278 1.0 410.17849676815104 28.427123359325538 1.0
0.19597829368694658 -0.9806082339056474 240.262291936044 457.05347749605073 336.35741693266414 1.0 470.15482398998785 338.97577097264286 1.0 443.9521310021136 333.7390628926854 1.0
-0.4133129958773723 0.9105890222481662 -191.87819382614185 363.92005614420975 375.9007347199059 1.0 348.89500747963746 369.0809205940716 1.0 378.9451048087821 382.7205488457402 1.0
0.9950896871184463 0.09897734382429525 -569.7776458677095 564.913781924101 77.1668249404232 1.0 562.4824415473686 101.61082031633548 1.0 567.3451223008335 52.72282956451092 1.0
-0.9470056757699364 -0.32121682717368033 627.0426103409363 615.9112567061943 136.26669204944568 1.0 617.8802994728285 130.46159555981478 1.0 613.9422139395601 142.07178853907655 1.0
-0.38609384863133894 0.9224595059128833 -205.5885161897882 391.80085559161944 386.8575413172779 1.0 379.82862656283964 381.84658533190594 1.0 403.77308462039923 391.86849730264987 1.0
-0.28755126163717315 0.9577652488636608 -176.4267627516358 464.4547780280702 323.65062369385134 1.0 431.1425475851909 313.64924402053043 1.0 497.7670084709495 333.6520033671723 1.0
-0.9957888061786176 -0.09167689724987181 629.9513827348349 628.8928917355938 40.43418756991555 1.0 629.6969393896075 31.700671520405855 1.0 628.0888440815801 49.167703619425254 1.0
-0.32601619511599084 0.9453641840698707 -175.0348330288283 449.564949409111 340.1866632054789 1.0 428.82057944117247 333.03280580217586 1.0 470.30931937704963 347.3405206087819 1.0
0.09892078113251813 0.9950953115456492 -242.967638248084 120.18393975909044 232.21790552766623 1.0 114.98677734999127 232.7345468576129 1.0 125.38110216818961 231.70126419771955 1.0
-0.9981603374061541 0.060629537597054035 139.06464613941415 144.62248049885855 87.28052367825683 1.0 144.2018243248525 80.35514827182698 1.0 145.0431366728646 94.20589908468666 1.0
0.11137522292158851 -0.9937784258672385 123.8815062707078 380.7412926102493 167.32769426496168 1.0 395.1455080819291 168.9420105626504 1.0 366.33707713856944 165.71337796727295 1.0
0.9985936142140844 0.05301691853410888 -422.08837221072326 417.7202572546755 93.47187511759225 1.0 415.0312667371597 144.12002355243493 1.0 420.4092477721913 42.82372668274955 1.0
0.20811706475667457 -0.97810392462001 164.93418642017008 578.3692495910009 291.6895534402536 1.0 590.3660364965501 294.2421820663622 1.0 566.3724626854518 289.136924814145 1.0
0.23882853929310197 -0.9710617533499728 164.9805900331275 151.40348942970417 207.13416377857362 1.0 158.6206446834201 208.90919264893148 1.0 144.18633417598826 205.3591349082158 1.0
0.6590461360684208 0.7521025133140326 -678.5389802078143 572.6445359553583 400.3972944044747 1.0 569.9037299216998 402.7989851237841 1.0 575.3853419890168 397.9956036851652 1.0
-0.2558493872997833 0.9667166549813475 -215.48581803111043 486.2196948471711 351.58681429503736 1.0 471.1194928274673 347.5904236102004 1.0 501.319896866875 355.58320497987427 1.0
-0.9948172151568555 -0.10167943955175317 495.4059247834999 494.9544715757061 29.668689701889672 1.0 497.3259306052064 6.466670906484512 1.0 492.58301254620585 52.870708497294835 1.0
-0.09208017255664082 -0.9957515964445847 102.69839377359517 548.3818687288081 52.426023579083015 1.0 566.525108072126 50.748263166311105 1.0 530.2386293854901 54.103783991854925 1.0
-0.9998447733292167 0.017619002419183936 280.21898630146075 281.4585400255012 67.87352787957624 1.0 281.04015367284893 44.13090057417462 1.0 281.8769263781535 91.61615518497786 1.0
0.29593135979889845 0.9552092076019655 -331.56533040453394 226.47535676865374 276.9489322440461 1.0 221.20654271797068 278.58125246681755 1.0 231.74417081933683 275.31661202127464 1.0
0.9975761713830548 0.06958291664428971 -422.0841139841245 421.51340925391867 22.884654319995306 1.0 420.37937530788804 39.1427431822781 1.0 422.64744319994935 6.626565457712511 1.0
-0.41236515932454365 0.911018647106218 -149.09207711429738 602.6991785295684 436.46112091825967 1.0 595.0657449033981 433.0059094542049 1.0 610.3326121557387 439.9163323823144 1.0
0.99974620486782 -0.022528334434463393 -143.0623937940329 149.00851663948114 262.2610751123243 1.0 149.1073702918701 266.64793132225316 1.0 148.9096629870922 257.8742189023955 1.0
-0.1278793040979831 0.9917897375872647 -47.26240784545865 148.84655350759346 66.8456216200358 1.0 136.2338940091653 65.21937156081708 1.0 161.4592130060216 68.47187167925452 1.0
-0.15902493973426257 -0.9872745659351883 62.522536126147045 257.65742892846157 21.826328523212467 1.0 275.1073758238281 19.01558382346102 1.0 240.20748203309506 24.637073222963917 1.0
0.9998870044865203 -0.01503257326518137 -283.5051071989736 284.59530224852494 70.38296362011079 1.0 284.80225924781155 84.14864501236471 1.0 284.38834524923834 56.61728222785686 1.0
-0.4365716437566613 0.8996694947966207 -179.6183343865265 288.07805260284783 339.44136719963507 1.0 275.01471117814464 333.10227882137855 1.0 301.1413940275511 345.7804555778916 1.0
-0.9986334279567324 -0.05226161657838171 430.8721022201911 412.5713232621079 360.9644827196212 1.0 413.5223917319922 342.79113048744085 1.0 411.62025479222365 379.1378349518015 1.0
0.2559807261390842 -0.9666818855473124 177.49293871546223 533.6628219969051 324.92626592027847 1.0 548.6078747558644 328.8837678809771 1.0 518.7177692379458 320.96876395957986 1.0
0.2143486066670601 0.9767572240940375 -226.823979503799 60.23535010587851 219.00285030900056 1.0 50.30224107636109 221.18266329407868 1.0 70.16845913539592 216.82303732392242 1.0
-0.21376946385540394 0.9768841365909129 -154.7338352750582 579.5352871178694 285.213744856019 1.0 567.6808735537144 282.61966891905774 1.0 591.3897006820245 287.80782079298024 1.0
-0.0361726554544329 -0.9993455553497874 208.5355461133006 170.17973705831588 202.51222616237874 1.0 185.22788948537698 201.967538061195 1.0 155.13158463125478 203.05691426356245 1.0
-0.9912506628295098 0.13199289162700237 349.07280253440024 402.1247814419937 375.2751606512579 1.0 400.93639327189567 366.3505091280733 1.0 403.3131696120918 384.19981217444257 1.0
-0.9590224015411862 0.2833302549008412 148.8768815467904 207.67543679247365 177.49080346058457 1.0 206.21649144337454 172.5525335504401 1.0 209.1343821415728 182.42907337072904 1.0
0.15354533166228057 0.9881416047939284 -248.36838606702992 200.81142474776038 220.14529921339127 1.0 178.59870295819687 223.59688926663245 1.0 223.0241465373239 216.6937091601501 1.0
0.20487851547524707 -0.9787874099602318 214.2552383286397 437.5995835300174 310.49642474171515 1.0 443.8379041312697 311.80222194633507 1.0 431.36126292876514 309.1906275370953 1.0
0.9990547692905405 0.04346916099747982 -548.0602687977265 545.1619914540495 78.52880343899011 1.0 544.9165275656356 84.17031716460959 1.0 545.4074553424633 72.88728971337062 1.0
-0.9995944913495115 -0.02847547828766186 448.5678320301495 442.3648522716718 224.1353935576177 1.0 442.6144184530169 215.37469856315337 1.0 442.1152860903267 232.89608855208206 1.0
0.29196945925730294 0.9564276422505772 -379.4749877563021 459.4625629562342 256.5023644901325 1.0 446.4092401429587 260.4871631669409 1.0 472.5158857695097 252.51756581332413 1.0
0.9946692402356053 0.1031169361895703 -500.05256526853873 500.1021417448077 25.3726302944268 1.0 498.15242315270166 44.17967773344348 1.0 502.05186033691365 6.565582855410122 1.0
0.35948951009113345 0.9331491264178715 -240.9147993057804 148.60524118433295 200.92477037961584 1.0 142.74362395562034 203.18291952880983 1.0 154.4668584130456 198.6666212304218 1.0
-0.1960605045003688 0.9805918001773526 -193.6679821799379 573.035192870464 312.0743525850826 1.0 565.8236680707239 310.6324731096492 1.0 580.2467176702041 313.5162320605159 1.0
-0.047648666452539803 0.9988641572232405 -232.25590695365952 81.94970937717216 236.4292477749549 1.0 68.79501513566652 235.8017313767881 1.0 95.10440361867781 237.0567641731217 1.0
0.2627824379970399 0.9648551136208648 -259.54479287486356 151.93049490785364 227.61979899002677 1.0 142.56901442629754 230.16943844311845 1.0 161.29197538940977 225.07015953693508 1.0
0.23199711602788317 -0.9727164736729531 169.78833099734823 454.34182540150266 282.91319375132423 1.0 466.28289196898066 285.7611901417743 1.0 442.40075883402466 280.0651973608742 1.0
0.7299577332161111 -0.6834922879725833 63.12945251547117 89.15200088793603 187.5758472353859 1.0 94.58621320059504 193.37949033621746 1.0 83.71778857527701 181.77220413455436 1.0
-0.3979811661814651 -0.9173935858533354 400.80703279279123 316.3379933163536 299.66469522405635 1.0 326.3514392200127 295.32068961982446 1.0 306.32454741269447 304.0087008282882 1.0
-0.949128897432848 -0.3148878150356189 662.6264546056207 612.7782590681214 257.30084600545376 1.0 614.8312266547749 251.11282992815524 1.0 610.7252914814679 263.48886208275223 1.0
-0.09125358310547639 -0.9958276876902007 354.832940070153 360.78516413952923 323.2587375209323 1.0 376.39364243863866 321.8284403026239 1.0 345.17668584041985 324.68903473924075 1.0
0.23989700374767148 0.9707983454831851 -362.70353408366316 310.35270196752174 296.92144832940846 1.0 296.37512152544934 300.375491780653 1.0 324.33028240959413 293.46740487816396 1.0
0.20550919205141188 0.9786551854368196 -276.79773418749124 419.4986705113246 194.74366884287187 1.0 401.5106540302189 198.52099796619277 1.0 437.4866869924303 190.96633971955097 1.0
-0.23682914446407363 -0.971551314307389 248.58311075551507 557.6671530265082 119.92292562703327 1.0 565.1779145738208 118.0920730458788 1.0 550.1563914791957 121.75377820818773 1.0
-0.0164801831790635 0.9998641925593618 -211.48178178310513 268.24082316740856 215.93176482534028 1.0 252.59946943043687 215.67395743842505 1.0 283.8821769043803 216.18957221225548 1.0
-0.00026450232659969223 0.999999965019259 -215.6471986334394 290.1247423893125 215.72394484898882 1.0 282.6245776000752 215.7219610378828 1.0 297.6249071785497 215.72592866009487 1.0
-0.9999829205323617 -0.005844539636971326 146.23667869782568 145.64150165692854 102.26032456529077 1.0 145.68176757726798 95.37094830642694 1.0 145.60123573658913 109.14970082415459 1.0
0.4573244471365166 0.8892999213152329 -568.6444233904921 497.88916798384855 383.3886934373867 1.0 491.4212085653254 386.7148558425321 1.0 504.35712740237165 380.0625310322412 1.0
-0.22160184978146624 0.9751372314569023 -211.71800259583088 534.0229687560743 338.47387798417424 1.0 527.8097746121383 337.06191742013084 1.0 540.2361629000102 339.8858385482176 1.0
-0.5827414289762363 0.8126576320657637 -152.59764019500204 35.79181645569322 213.44168517943757 1.0 29.17961546509872 208.7002008176377 1.0 42.404017446287725 218.18316954123742 1.0
-0.07175182211072821 -0.9974225163007852 214.95161337166545 97.00208740244545 208.52901699411166 1.0 105.12998657198804 207.94431836758588 1.0 88.87418823290288 209.11371562063744 1.0
0.03848714555331168 0.9992590953437243 -400.1981796140994 181.37535098628 393.5091128148795 1.0 175.11057221970532 393.75040504166225 1.0 187.64012975285473 393.26782058809664 1.0
-0.27323750692344584 0.9619466018497388 -99.13102610566168 327.01689785252995 195.9405102469176 1.0 318.6771254156875 193.57162758277607 1.0 335.35667028937235 198.30939291105912 1.0
-0.9722761258771837 -0.23383570097240328 75.42383854078726 29.958382980076728 197.9852426590629 1.0 31.48186179225173 191.65070062293344 1.0 28.434904167901728 204.31978469519234 1.0
-0.9998279793575553 -0.018547552231712314 414.69909522111857 412.85057981596464 103.49259045868013 1.0 413.1401204597476 87.88455586743923 1.0 412.56103917218167 119.10062504992104 1.0
-0.19764700797673154 0.9802732579428278 -214.1810196314044 574.5824676967027 334.34098354915966 1.0 567.6127573892576 332.93571988663564 1.0 581.5521780041479 335.74624721168374 1.0
-0.9991575193017304 0.04103963477922491 296.21982194883776 306.11326547426347 234.78642194586874 1.0 305.67653405790924 224.15368895706172 1.0 306.54999689061776 245.41915493467576 1.0
-0.9998461659665621 0.01753979480968735 415.2067594767733 416.044421815754 44.1088710488265 1.0 415.8909722205713 35.361562937343706 1.0 416.19787141093667 52.8561791603093 1.0
0.6063841270203623 -0.7951718622397004 116.52665267081753 69.69401702375566 199.6901624449634 1.0 74.66368195942708 203.47994183317368 1.0 64.72435208808423 195.90038305675307 1.0
0.2814056128593748 -0.9595889125303813 175.57517617596378 484.0117421114311 324.9087114541816 1.0 491.5929079843746 327.1319370467311 1.0 476.4305762384876 322.6854858616322 1.0
0.3213872554390433 0.9469478507506944 -515.5692469784412 464.7452173308733 386.7225178363718 1.0 455.387505871746 389.8984574624613 1.0 474.10292879000065 383.5465782102823 1.0
0.0634731507605849 0.9979835465239515 -167.14494219336393 25.11769491046704 165.88514263003464 1.0 7.569427450450812 167.00123700850037 1.0 42.66596237048327 164.7690482515689 1.0
-0.18971099892514717 0.9818399751929144 -199.50140089808178 361.11586807935396 272.96612455250505 1.0 352.44795057849615 271.2913106019268 1.0 369.78378558021177 274.6409385030833 1.0
-0.9975622171911122 -0.06978268290021891 494.10480671684167 488.902671844009 91.62693573441581 1.0 489.86593168083783 77.8568773385218 1.0 487.93941200718007 105.39699413030982 1.0
0.4180695738178949 0.9084150105803646 -465.58765094014547 378.9840406805065 338.1119323125608 1.0 356.6188327097016 348.40481921535354 1.0 401.34924865131137 327.819045409768 1.0
-0.7393468205545031 -0.6733247945352581 686.5615492970257 502.279182635037 468.12925224691315 1.0 506.12948715303236 463.90141090399726 1.0 498.4288781170416 472.35709358982905 1.0
-0.9838766261808142 -0.1788484958143582 285.56268861637096 234.39415399962556 307.230759378309 1.0 235.6638875962618 300.24573441895126 1.0 233.12442040298933 314.2157843376668 1.0
0.9086873323865678 0.4174773430501148 -440.98881808173974 326.94903917769636 344.6758734107726 1.0 321.70091373705486 356.0990205254033 1.0 332.19716461833787 333.25272629614193 1.0
-0.060017833817535754 -0.9981973049572167 394.4471428914628 472.59458619905786 366.74416744652547 1.0 480.1050136712155 366.2925938090451 1.0 465.08415872690017 367.1957410840058 1.0
-0.45261984299848323 0.8917035817602329 -164.9704010610451 375.8578320038973 375.7875608292676 1.0 369.13001842211486 372.37258976780987 1.0 382.5856455856797 379.20253189072537 1.0
-0.5771099171610488 -0.8166664824237417 669.6743820481213 512.9854247811141 457.5006004152434 1.0 517.081571224039 454.60599559769287 1.0 508.8892783381894 460.395205232794 1.0
-0.0769967788514734 0.9970313415567724 -174.73902854741183 555.678783412385 218.17218364131543 1.0 550.0391511210523 217.73665719170415 1.0 561.3184157037177 218.60771009092667 1.0
-0.08416428871715423 -0.9964518917161708 328.69922687049825 298.91697218472353 304.62192409339787 1.0 305.2275315937621 304.08890915460904 1.0 292.606412775685 305.15493903218663 1.0
-0.9104032712285317 -0.4137219884613198 446.3401128208064 335.40093213873627 340.78441794442773 1.0 340.60109606609 329.34135622079384 1.0 330.2007682113826 352.2274796680616 1.0
0.02830858879468527 0.9995992315925685 -186.29169652955835 17.63892924382215 185.86685289744645 1.0 7.611571451309319 186.15082705376224 1.0 27.66628703633498 185.58287874113063 1.0
0.7892289283994616 -0.6140990950794811 253.32042355279037 29.54527872819377 450.4784560656316 1.0 36.44599656999644 459.34713245859723 1.0 22.644560886391105 441.6097796726659 1.0
0.9091280220469274 0.41651679381393664 -503.34145983112575 423.2044231042013 284.7291189556919 1.0 420.5322762305577 290.5615935111829 1.0 425.8765699778449 278.8966444002009 1.0
0.15533226332127295 0.9878622818852286 -438.6996744410506 492.0157183498965 366.72496355338035 1.0 486.3346303749381 367.6182624164501 1.0 497.6968063248548 365.8316646903106 1.0
-0.10159212401003755 0.9948261357338422 -161.30541206325782 310.7749367011628 193.88081097159392 1.0 302.60746137321996 193.04674445829988 1.0 318.9424120291056 194.71487748488792 1.0
-0.9020884526052879 -0.4315511831477201 327.49776417907736 226.00887193145124 286.44984755157935 1.0 228.42094968577027 281.4077863223961 1.0 223.5967941771322 291.4919087807626 1.0
0.9999273486732811 -0.012053936088372236 -283.8946559950489 284.31914529674964 33.50218016942646 1.0 284.5828968028512 55.38153495206466 1.0 284.05539379064805 11.622825386788257 1.0
-0.03714398162321364 0.9993099242122908 -364.24964640211164 441.97939349003866 380.9293910213134 1.0 437.610429569786 380.76699824242223 1.0 446.3483574102913 381.09178380020455 1.0
-0.4485409069837823 -0.8937623032787665 269.9405130713584 180.1270788837311 211.6291423822951 1.0 185.12335654289333 209.12172524849765 1.0 175.1308012245688 214.13655951609255 1.0
0.5774860877026455 0.8164005257898187 -585.7723938357869 359.0693404860941 463.5161703483839 1.0 353.5522479608382 467.4187207231785 1.0 364.5864330113501 459.6136199735893 1.0
0.1983444733336972 0.9801323736608123 -440.88363870129757 437.07523542323656 361.3717808352351 1.0 428.9053700313448 363.02507552471627 1.0 445.2451008151284 359.71848614575396 1.0
-0.9733058770404351 -0.22951180736195115 579.4407589825043 540.0915620951291 234.26449415987577 1.0 541.8657179080182 226.7407144497232 1.0 538.3174062822402 241.78827387002835 1.0
0.7634482214589315 -0.6458690371516459 267.2870492449982 11.925782426124606 427.9377872744101 1.0 17.44895649147722 434.4664442845022 1.0 6.402608360771992 421.4091302643179 1.0
0.11198778162538248 0.9937095837147923 -420.559158080668 426.9693870580562 375.10335988575105 1.0 422.5101509198771 375.6059010416807 1.0 431.4286231962353 374.60081872982136 1.0
-0.17556886704080504 -0.9844671517760296 59.67987263154389 256.50892495448863 14.875957278015111 1.0 281.60252319001984 10.400790580740006 1.0 231.41532671895737 19.351123975290214 1.0
-0.9985700947222328 -0.053458076344282165 416.960284041993 413.7900955452748 70.37045467178854 1.0 414.661119343513 54.10016632264457 1.0 412.91907174703664 86.64074302093249 1.0
-0.33165536376882776 -0.9434006146295255 501.28161790692474 447.9441211448633 373.87992120296514 1.0 454.6495608564827 371.5226034184517 1.0 441.2386814332438 376.2372389874786 1.0
-0.5893650414979085 -0.8078668503287957 479.95725800740485 327.8978550950138 354.8923005264659 1.0 331.94351500382413 351.9408605471277 1.0 323.8521951862036 357.843740505804 1.0
0.997738588245877 -0.06721390871779445 -158.37908347723817 160.1107078182556 20.375962810710604 1.0 160.53549189512813 26.6815545141718 1.0 159.68592374138308 14.070371107249404 1.0
-0.2856687916166493 -0.9583284100433855 399.2100587806936 166.29952772989662 366.9968144132888 1.0 173.70078626399814 364.79056803707687 1.0 158.8982691957951 369.2030607895008 1.0
-0.25749652001676465 0.9662792257827216 -180.31756187217832 533.197250421259 328.6979476153808 1.0 518.6868177736667 324.83117100361414 1.0 547.7076830688513 332.56472422714756 1.0
-0.964685532615765 0.26340429602008797 -20.166801267609678 39.91901373636277 222.76058964085414 1.0 38.114056078985655 216.15015630561743 1.0 41.72397139373989 229.37102297609084 1.0
-0.11738712735744927 -0.9930862310649393 230.6804462476508 146.4023086313487 214.98102895855902 1.0 155.25031506402343 213.9351559764534 1.0 137.55430219867395 216.02690194066463 1.0
0.10852166163992139 0.9940940845588562 -251.42351732120642 152.03494623186975 236.32011896845663 1.0 141.3327999456937 237.48843363417032 1.0 162.73709251804584 235.15180430274293 1.0
-0.13799296741637604 -0.9904332087241537 401.3914612406737 185.70063391701248 379.39567898719116 1.0 195.15337614617064 378.078667462402 1.0 176.24789168785432 380.7126905119803 1.0
0.9990248822958833 0.04415070275427678 -537.916676114325 529.695270541541 197.9112508697225 1.0 529.472295682737 202.95663901023198 1.0 529.918245400345 192.86586272921303 1.0
0.99606653310606 0.08860847378255927 -346.7589309943042 327.30344398583907 234.09639489511653 1.0 326.1903804677513 246.6085765438961 1.0 328.4165075039268 221.58421324633693 1.0
-0.002576278944789829 0.9999966813878928 -446.34936028197205 375.74982254244185 447.3188811161523 1.0 370.1232497077691 447.3043854469215 1.0 381.37639537711453 447.3333767853831 1.0
0.2947919219805867 -0.9555614698882493 168.3863330989023 467.02471690287183 320.2948807081259 1.0 475.147865405791 322.80088229480486 1.0 458.9015683999527 317.7888791214469 1.0
0.0012233226100410914 0.999999251740616 -104.13660810066038 541.9999677589544 103.47364471058509 1.0 523.8742303072878 103.49581835162502 1.0 560.125705210621 103.45147106954516 1.0
0.08499790154250442 0.9963811302575791 -247.34845819852936 177.64356781099767 233.09265968538668 1.0 166.3689821662367 234.05445642306495 1.0 188.91815345575864 232.1308629477084 1.0
0.11452732537660418 0.9934200983179681 -438.47821768999745 483.9004293878198 385.59557674764574 1.0 476.3565860162096 386.46527548423603 1.0 491.44427275943 384.72587801105544 1.0
-0.9705506487904983 -0.24089715260322736 286.1011488716948 238.15022523875803 228.1649768901354 1.0 239.93896833620866 220.95830900307388 1.0 236.3614821413074 235.37164477719693 1.0
-0.896109263121234 -0.4438335144491896 513.3517426005745 429.26222813970134 289.9417900341066 1.0 430.75134876157915 286.9352239688431 1.0 427.7731075178235 292.9483560993701 1.0
0.38385355462086557 0.9233939834138655 -468.28912971017576 145.72375834382603 446.5618733540848 1.0 140.041445663301 448.92400258609774 1.0 151.4060710243511 444.1997441220719 1.0
-0.3308792751055763 -0.9436730923924918 365.01292298682006 151.4448474254034 333.699205997127 1.0 156.48289545583293 331.9327196008377 1.0 146.40679939497386 335.4656923934163 1.0
0.17572870108432162 0.984438633747791 -487.47134265695047 398.3515054768725 424.068637407286 1.0 387.7302476214501 425.96460103856833 1.0 408.97276333229496 422.17267377600376 1.0
0.9959376773158752 -0.09004522698433058 -101.26809490195559 113.86939734583868 134.80701436989904 1.0 115.28584127340858 150.47347357620026 1.0 112.45295341826876 119.1405551635978 1.0
-0.2437498179941237 -0.9698381443456592 246.0103379286492 159.3697521142695 213.6067663092373 1.0 162.60458078519147 212.79375549462202 1.0 156.13492344334747 214.41977712385253 1.0
-0.17769825055437663 -0.9840850226224939 299.84495050674076 270.9343600968507 255.7709780316577 1.0 279.1306812677877 254.29095150998995 1.0 262.7380389259137 257.25100455332546 1.0
-0.1625205083576379 0.9867051658743735 -141.02607722282758 468.81008599709935 220.14411015044766 1.0 452.48817142258207 217.45572263028117 1.0 485.1320005716166 222.83249767061417 1.0
0.6924637989755096 -0.7214526229132479 307.5832856261363 40.69872475838385 465.4022572264735 1.0 45.48685592411554 469.997995590591 1.0 35.91059359265215 460.80651886235603 1.0
0.2077036069551991 0.9781918071921274 -265.93383649123234 197.18444663906578 229.99366181017845 1.0 189.15599808603636 231.69837627461982 1.0 205.2128951920952 228.28894734573709 1.0
-0.01771390214725179 0.9998430965260088 -306.54607966918 210.73976339461134 310.32779472555546 1.0 206.3550667405679 310.25011244946137 1.0 215.12446004865478 310.40547700164956 1.0
-0.06941483011346011 -0.9975878815223849 171.17090976350147 21.35578128643113 170.09880029277002 1.0 35.12608727178443 169.14062561133247 1.0 7.585475301077832 171.05697497420755 1.0
0.23085039689750092 0.9729892570076333 -397.8189227505758 148.74375326979415 373.57182071062516 1.0 143.7294441033363 374.7615103735959 1.0 153.758062436252 372.3821310476544 1.0
0.181583232882124 0.983375579082619 -371.1584953015021 180.73787111277824 344.059315237668 1.0 171.22557673140963 345.81578875870736 1.0 190.25016549414684 342.3028417166286 1.0
-0.11422310412713488 -0.9934551235378283 377.52499045760914 210.7251504533928 355.78387113900317 1.0 218.81506645358516 354.85372815038073 1.0 202.63523445320044 356.7140141276256 1.0
0.995093840807425 0.09893557493200938 -265.74267826529643 230.80007230296383 364.63069915447693 1.0 230.2157017584639 370.50829707596057 1.0 231.38444284746376 358.75310123299334 1.0
0.5394524843482081 0.8420160432738477 -254.53766665396117 180.56620330036532 186.61257222999507 1.0 175.8856790986998 189.61123291919432 1.0 185.24672750203086 183.6139115407958 1.0
-0.21851749992283698 -0.9758330298916269 512.8306307446741 381.32278495343763 440.14182340265245 1.0 390.18806483301313 438.15662846042324 1.0 372.45750507386214 442.12701834488166 1.0
0.14653144636327584 -0.9892060125305985 271.0046524707309 210.07605258889654 305.0804346920953 1.0 216.46363678612713 306.0266298620913 1.0 203.68846839166596 304.1342395220994 1.0
0.9869454501892001 0.16105489235300163 -382.2957753852387 334.9740574957775 320.9753684170038 1.0 333.8488364443242 327.8707304948899 1.0 336.09927854723077 314.08000633911763 1.0
0.11089398096528447 0.9938322418726769 -407.5618776160425 291.41125464303184 377.57491423654346 1.0 287.638488915765 377.9958877098509 1.0 295.18402037029864 377.1539407632361 1.0
-0.9649725149060132 0.26235099671235157 191.90084199626187 324.58066027591394 462.3979918515379 1.0 322.0352010895464 453.035351025161 1.0 327.1261194622815 471.7606326779147 1.0
-0.18563843428037083 -0.9826181210001842 61.89463887431447 204.42793155271352 24.368528552395194 1.0 215.0287986699878 22.36578879866263 1.0 193.82706443543927 26.371268306127757 1.0
0.9896779913181326 -0.1433090140239131 -72.22136395970173 91.4131811166192 127.33497353313464 1.0 92.95863026151294 138.00769370932358 1.0 89.86773197172546 116.66225335694571 1.0
-0.10744960889186275 -0.9942105318034936 433.1896271524617 442.6250358874626 387.8753320597782 1.0 446.46527498426934 387.4602970387202 1.0 438.7847967906559 388.2903670808362 1.0
